degradation,revision,authorexpertise,daysbeforerelease,bug,packages,files,issues,insertions,deletions,churns,deltalines,hunks,hour,day
false,17727,2460,16,false,4,6,1,272,7,279,265,13,22,7
false,17738,3737,13,false,1,1,1,3,2,5,1,2,14,4
false,17739,2359,10,false,2,5,1,105,183,288,-78,16,8,7
false,17741,2361,9,false,3,10,1,127,269,396,-142,25,3,1
false,17744,2364,9,false,1,1,1,5,5,10,0,3,5,1
false,17832,3824,7,false,1,39,1,587,41,628,546,41,19,3
false,17857,3849,7,false,1,18,1,273,21,294,252,21,19,3
false,17865,3857,7,false,1,104,1,1563,107,1670,1456,107,20,3
false,17917,3908,11,false,1,1,1,1,1,2,0,1,17,4
false,17921,2366,4,false,1,1,1,5,3,8,2,2,5,4
false,17923,2368,4,false,1,1,1,22,35,57,-13,6,5,4
false,17926,2369,3,false,1,1,1,1,3,4,-2,1,10,5
false,17927,2370,3,false,1,1,1,3,1,4,2,1,13,5
false,17928,2371,3,false,1,1,1,57,48,105,9,2,13,5
false,17931,2374,1,false,1,12,1,52,353,405,-301,28,11,7
false,17935,101,1,true,7,10,1,169,30,199,139,21,12,7
false,17939,2378,1,true,1,1,1,17,2,19,15,3,15,7
false,17959,356,2,true,1,1,1,6,0,6,6,2,12,5
false,17960,357,2,true,1,1,1,13,1,14,12,2,12,5
false,17961,358,2,false,1,1,1,180,185,365,-5,29,12,5
false,17962,359,2,false,1,1,1,121,145,266,-24,30,12,5
false,17963,2383,1,true,1,1,1,125,29,154,96,11,18,5
false,17965,2385,1,true,1,1,1,7,3,10,4,2,23,5
false,17994,104,2,true,3,6,1,136,64,200,72,21,23,5
false,17996,2463,1,false,2,3,1,18,5,23,13,6,19,7
false,18021,2395,4,false,1,1,1,6,0,6,6,3,22,2
false,18022,2396,4,false,4,7,1,15,17,32,-2,12,8,3
false,18026,3973,0,false,1,1,1,18,10,28,8,5,11,7
false,18043,106,1,true,1,3,1,69,66,135,3,18,21,7
false,18093,2409,14,false,1,1,1,6,1,7,5,1,16,1
false,18095,2411,14,false,1,2,1,32,3,35,29,7,17,1
false,18099,2415,13,false,1,1,1,4,2,6,2,1,10,2
false,18103,2419,11,false,1,1,1,1,4,5,-3,1,20,3
false,18108,2424,11,false,1,1,1,4,0,4,4,1,8,4
false,18112,2428,11,false,1,1,1,9,13,22,-4,2,12,4
false,18113,2429,8,false,1,1,1,2,1,3,1,1,12,7
false,18116,2432,7,false,1,2,1,7,3,10,4,4,16,1
false,18120,2436,6,false,1,1,1,12,2,14,10,5,20,1
false,18123,2439,6,false,1,1,1,4,3,7,1,2,20,1
false,18125,2441,6,false,1,1,1,1,0,1,1,1,11,2
false,18129,2445,6,false,1,1,1,11,0,11,11,2,12,2
false,18132,2448,6,false,1,2,1,48,0,48,48,4,14,2
false,18135,2451,6,false,1,2,1,17,6,23,11,2,18,2
false,18146,2460,4,false,1,1,1,52,1,53,51,4,14,4
false,18151,2465,4,false,1,1,1,17,4,21,13,2,17,4
false,18174,2485,1,false,1,1,1,1,1,2,0,1,11,7
false,18177,2488,1,false,1,1,1,9,9,18,0,1,16,7
false,18199,2491,19,false,4,7,1,117,150,267,-33,100,21,2
false,18200,2492,19,false,1,1,1,1,1,2,0,1,2,3
false,18205,2495,17,false,3,7,1,201,80,281,121,16,21,4
false,18206,2496,17,false,3,6,1,59,159,218,-100,14,0,5
false,18210,2499,12,false,1,1,1,7,2,9,5,2,8,3
false,18212,2501,12,false,1,1,1,16,9,25,7,1,14,3
false,18213,2502,12,false,2,6,1,32,293,325,-261,14,14,3
false,18216,2505,11,true,4,13,2,296,254,550,42,30,17,4
false,18218,2507,10,false,3,5,1,42,82,124,-40,13,17,5
false,18242,2511,6,false,1,1,1,4,0,4,4,1,16,2
false,18252,2490,5,false,1,1,1,9,1,10,8,3,17,3
false,18253,2491,5,false,2,2,1,22,4,26,18,3,17,3
false,18258,2496,5,false,1,2,1,32,10,42,22,5,17,3
false,18265,2499,3,false,1,1,1,1,0,1,1,1,5,5
false,18280,2504,0,true,2,3,1,67,65,132,2,11,20,7
false,18283,2514,0,true,2,2,1,6,5,11,1,3,14,1
false,18316,108,6,true,1,1,1,11,2,13,9,3,21,3
false,18319,111,6,true,1,1,1,2,5,7,-3,4,23,3
false,18326,2507,4,false,1,1,1,21,9,30,12,1,20,5
false,18335,2525,0,false,1,1,1,1,1,2,0,1,11,3
false,18336,2526,0,true,1,2,1,20,21,41,-1,2,12,3
false,18337,2527,0,false,1,1,1,4,3,7,1,1,12,3
false,18360,2533,2,false,1,1,1,1,38,39,-37,4,21,2
false,18382,362,26,false,1,2,1,10,9,19,1,2,8,6
false,18389,2539,21,true,1,1,1,3,2,5,1,1,17,4
false,18404,2552,7,true,1,1,1,1,1,2,0,1,7,4
false,18436,378,23,false,1,3,1,18,2,20,16,8,7,2
false,18437,379,23,false,1,3,1,37,1,38,36,8,7,2
false,18442,384,20,false,1,1,1,24,16,40,8,2,20,5
false,18443,3111,19,true,1,1,1,23,39,62,-16,5,19,6
false,18444,3112,18,true,1,2,1,14,7,21,7,2,21,6
false,18445,3113,18,true,1,3,1,11,8,19,3,6,6,7
false,18449,3114,14,true,1,2,1,173,16,189,157,10,7,4
false,18451,3115,9,true,5,9,1,278,54,332,224,35,11,2
false,18455,2554,7,false,1,1,1,3,2,5,1,1,16,4
false,18505,2558,17,false,3,3,1,26,0,26,26,5,17,1
false,18509,2561,17,false,1,1,1,1,1,2,0,1,8,2
false,18515,2567,14,false,4,7,1,24,15,39,9,10,16,4
false,18524,2570,12,false,4,6,1,153,13,166,140,19,11,7
false,18525,2571,12,false,3,4,1,97,8,105,89,24,12,7
false,18526,2572,11,false,3,3,1,36,6,42,30,5,16,7
false,18531,2576,10,false,1,1,1,2,1,3,1,1,21,1
false,18534,2579,9,false,1,1,1,1,0,1,1,1,14,2
false,18535,2580,9,false,3,6,1,73,9,82,64,16,20,2
false,18543,2588,7,false,3,3,1,44,12,56,32,5,14,4
false,18552,4211,5,false,1,1,1,3,2,5,1,3,5,7
false,18555,2592,5,true,1,4,1,31,0,31,31,7,10,7
false,18557,4215,4,false,1,1,1,2,2,4,0,1,15,7
false,18567,2600,4,false,1,1,1,5,0,5,5,1,22,7
false,18583,2616,2,false,1,1,1,8,0,8,8,2,22,2
false,18611,3119,19,false,5,14,2,1411,18,1429,1393,35,13,6
false,18612,2625,18,false,2,6,1,128,93,221,35,8,11,7
false,18613,2626,18,false,1,1,1,5,2,7,3,1,11,7
false,18615,3120,15,false,3,9,1,54,74,128,-20,28,8,3
false,18626,3124,13,false,1,1,1,6,13,19,-7,2,20,4
false,18628,2633,13,false,5,6,1,152,16,168,136,11,11,5
false,18631,4240,10,false,1,1,1,1,1,2,0,1,6,1
false,18632,4241,10,false,1,1,1,14,12,26,2,5,8,1
false,18635,3127,6,false,1,1,1,7,7,14,0,2,7,5
false,18641,2635,4,false,4,7,1,72,97,169,-25,10,16,7
false,18655,2649,1,false,5,6,1,79,81,160,-2,7,12,3
false,18677,2653,26,false,1,1,1,5,3,8,2,1,15,6
false,18682,2658,21,false,2,2,1,60,28,88,32,3,23,3
false,18683,3130,20,true,4,5,1,25,17,42,8,13,20,4
false,18698,2671,18,false,3,7,1,73,26,99,47,8,10,7
false,18705,2678,16,true,1,1,1,19,0,19,19,1,12,2
false,18723,2695,9,false,1,1,1,29,1,30,28,3,18,2
false,18724,2696,8,false,1,1,1,1,1,2,0,1,18,2
false,18725,3132,5,false,1,1,1,11,84,95,-73,7,7,6
false,18726,3133,5,false,4,5,1,52,33,85,19,18,8,6
false,18727,3134,5,true,3,3,1,46,6,52,40,9,8,6
false,18728,3135,5,false,5,14,1,130,65,195,65,39,9,6
false,18729,2697,5,false,11,18,1,301,183,484,118,46,16,6
false,18730,2698,4,false,1,1,1,6,3,9,3,1,3,7
false,18736,2702,2,true,1,1,1,31,26,57,5,2,16,2
false,18758,3139,26,true,2,2,1,13,4,17,9,2,12,6
false,18759,2513,26,true,1,1,1,44,15,59,29,4,17,6
false,18760,2514,25,false,10,27,1,399,319,718,80,72,5,7
false,18766,2518,24,false,1,3,1,52,11,63,41,9,23,7
false,18767,2519,24,true,1,5,1,116,15,131,101,15,23,7
false,18770,3140,23,true,1,1,1,4,9,13,-5,2,8,2
false,18786,4284,2,false,1,1,1,23,23,46,0,2,20,1
false,18816,2528,9,false,1,1,1,25,3,28,22,3,15,4
false,18846,3143,22,false,1,1,1,6,4,10,2,3,7,3
false,18852,3144,18,false,9,39,1,660,454,1114,206,158,19,7
false,18859,3145,8,false,2,4,1,1,18,19,-17,5,21,2
false,18863,385,5,false,3,3,1,36,1,37,35,3,9,6
false,18864,386,5,false,1,2,1,22,0,22,22,2,9,6
false,18875,2742,4,false,1,2,1,22,8,30,14,3,17,7
false,18876,2743,4,false,1,1,1,15,1,16,14,2,17,7
false,18877,2744,3,false,1,1,1,1,1,2,0,1,10,1
false,18879,392,3,false,1,1,1,18,0,18,18,2,12,1
false,18880,393,3,false,1,2,1,2,6,8,-4,2,12,1
false,18883,396,3,false,1,1,1,2,7,9,-5,3,12,1
false,18885,398,3,false,3,3,1,43,0,43,43,5,12,1
false,18900,2745,0,false,1,1,1,6,1,7,5,1,22,3
false,18917,411,9,false,1,1,1,1,0,1,1,1,9,1
false,18919,413,9,false,1,1,1,16,0,16,16,2,15,1
false,18921,415,6,false,1,1,1,3,3,6,0,3,18,4
false,18923,2746,3,true,1,1,1,2,1,3,1,1,12,7
false,18967,2749,12,true,1,1,1,21,18,39,3,6,23,3
false,18968,2532,11,true,5,8,1,29,22,51,7,14,14,5
false,19034,2764,10,false,1,4,1,47,289,336,-242,5,18,1
false,19036,2766,10,false,1,4,1,11,11,22,0,8,18,1
false,19037,2767,6,true,1,1,1,110,2,112,108,4,22,4
false,19038,418,6,false,3,3,1,58,4,62,54,8,16,5
false,19043,2769,3,true,1,1,1,13,1,14,12,2,14,1
false,19044,422,1,false,3,3,1,41,11,52,30,5,22,2
false,19046,424,1,false,2,3,1,22,2,24,20,6,22,2
false,19047,425,1,false,1,1,1,78,51,129,27,12,22,2
false,19069,428,4,false,1,1,1,2,1,3,1,2,9,5
false,19070,429,4,false,1,1,1,16,6,22,10,2,9,5
false,19074,433,4,false,3,3,1,15,1,16,14,3,14,5
false,19082,438,0,false,1,1,1,39,6,45,33,5,9,2
false,19104,442,27,false,1,1,1,3,1,4,2,2,21,5
false,19108,446,21,false,1,1,1,4,0,4,4,1,8,5
false,19127,2782,7,false,1,1,1,20,27,47,-7,7,14,5
false,19128,2783,7,false,1,1,1,2,3,5,-1,1,18,5
false,19129,2784,7,false,1,1,1,1,1,2,0,1,18,5
false,19135,2788,6,false,8,15,1,431,147,578,284,26,15,6
false,19136,2789,6,false,1,1,1,42,38,80,4,1,15,6
false,19137,2790,6,false,4,10,1,215,24,239,191,19,17,6
false,19138,2791,6,false,4,13,1,118,134,252,-16,24,19,6
false,19139,2792,5,false,1,1,1,26,25,51,1,1,11,7
false,19140,2793,5,false,5,16,1,191,65,256,126,30,11,7
false,19142,2795,5,false,4,8,1,164,32,196,132,23,14,7
false,19145,2798,1,false,3,6,1,90,14,104,76,16,16,4
false,19146,2799,1,false,2,3,1,48,10,58,38,8,16,4
false,19148,2801,1,false,1,1,1,11,2,13,9,3,17,4
false,19150,2803,1,false,5,7,1,44,20,64,24,11,17,4
false,19151,2804,1,false,6,10,1,20,21,41,-1,18,17,4
false,19152,2805,1,false,4,6,1,6,6,12,0,6,17,4
false,19194,2808,28,false,1,1,1,1,1,2,0,1,18,2
false,19197,2809,25,true,1,1,1,6,2,8,4,1,21,4
false,19198,2810,25,false,1,1,1,8,1,9,7,1,10,5
false,19203,2815,21,false,2,5,1,186,5,191,181,7,21,1
false,19206,2818,21,false,3,14,1,87,536,623,-449,38,8,2
false,19211,2823,21,false,2,3,1,19,20,39,-1,8,11,2
false,19215,2827,21,false,1,1,1,2,1,3,1,1,14,2
false,19216,2828,21,false,1,1,1,1,8,9,-7,2,14,2
false,19224,2836,19,true,1,1,1,9,1,10,8,1,21,3
false,19234,2845,19,false,1,1,1,25,18,43,7,2,14,4
false,19236,3153,19,false,1,1,1,18,7,25,11,4,18,4
false,19238,3155,18,true,1,1,1,17,3,20,14,5,17,5
false,19260,465,13,false,3,4,1,262,4,266,258,11,7,3
false,19263,3156,12,false,1,1,1,5,3,8,2,4,7,4
false,19264,3157,12,false,2,6,1,347,18,365,329,41,13,4
false,19288,2887,5,false,3,6,1,209,18,227,191,21,10,4
false,19320,3161,0,false,2,5,1,94,14,108,80,22,6,3
false,19351,4550,20,false,1,1,1,1,0,1,1,1,5,5
false,19355,3164,19,true,2,2,1,23,14,37,9,6,6,6
false,19358,2898,18,false,3,3,1,76,6,82,70,6,11,7
false,19370,2910,18,false,2,4,1,17,10,27,7,5,13,7
false,19372,2912,18,false,1,2,1,5,4,9,1,2,14,7
false,19378,2917,17,false,1,1,1,40,47,87,-7,3,9,1
false,19381,2920,17,false,1,1,1,3,3,6,0,2,18,1
false,19382,2921,16,false,3,7,1,56,9,65,47,16,12,2
false,19384,2923,15,false,3,6,1,115,17,132,98,12,19,2
false,19385,2924,15,false,3,4,1,338,17,355,321,8,19,2
false,19391,468,15,false,1,1,1,74,79,153,-5,17,17,3
false,19392,469,15,false,1,1,1,34,31,65,3,1,17,3
false,19409,2944,14,false,3,8,1,85,16,101,69,18,18,4
false,19410,2945,14,false,2,2,1,52,26,78,26,3,18,4
false,19411,2946,14,false,1,2,1,8,2,10,6,4,18,4
false,19412,3167,12,false,1,1,1,3,3,6,0,2,6,6
false,19413,3168,12,false,4,6,1,137,22,159,115,23,6,6
false,19416,2948,12,false,3,3,1,15,19,34,-4,4,8,6
false,19418,2950,12,false,2,2,1,53,5,58,48,6,11,6
false,19420,2952,12,false,3,8,1,130,21,151,109,20,17,6
false,19421,2953,12,false,5,8,1,86,22,108,64,13,17,6
false,19422,2954,12,true,1,1,1,5,0,5,5,1,18,6
false,19425,3170,11,false,2,2,1,49,1,50,48,9,7,7
false,19428,2959,10,false,1,1,1,3,0,3,3,1,17,1
false,19435,2963,10,false,3,6,1,126,15,141,111,16,18,1
false,19440,2965,9,false,3,6,1,31,0,31,31,6,11,2
false,19445,2970,8,false,1,1,1,3,0,3,3,1,8,3
false,19449,2974,8,false,3,3,1,26,4,30,22,11,9,3
false,19454,2979,8,false,1,1,1,49,23,72,26,1,10,3
false,19459,2983,6,false,1,1,1,9,7,16,2,2,22,4
false,19463,2987,6,false,1,1,1,11,3,14,8,2,7,5
false,19466,2990,6,false,3,3,1,233,1,234,232,13,10,5
false,19473,2996,5,false,1,1,1,14,44,58,-30,4,10,6
false,19479,3001,4,false,1,14,1,15,15,30,0,14,16,7
false,19501,3016,1,false,4,5,1,46,40,86,6,9,10,3
false,19502,3017,1,false,3,4,1,16,1,17,15,6,11,3
false,19503,3018,1,false,3,4,1,24,6,30,18,5,11,3
false,19507,3022,0,true,1,1,1,8,1,9,7,3,12,4
false,19510,3025,0,false,1,1,1,1,5,6,-4,1,13,4
false,19511,4562,0,false,3,3,1,26,59,85,-33,5,17,4
false,19512,3026,0,false,2,2,1,75,65,140,10,15,18,4
false,19544,472,18,false,1,1,1,4,2,6,2,1,12,2
false,19577,4620,27,false,2,87,1,287,46,333,241,171,20,4
false,19579,3034,14,true,1,2,1,5,7,12,-2,3,19,3
false,19583,3038,7,false,1,2,1,12,16,28,-4,2,19,3
false,19590,3171,1,true,1,1,1,7,5,12,2,3,6,3
false,19615,3044,20,true,1,1,1,15,14,29,1,1,23,4
false,19623,3049,11,false,1,1,1,1,1,2,0,1,15,7
false,19630,3055,5,false,1,3,1,1,29,30,-28,4,7,6
false,19659,3057,1,false,3,3,1,63,53,116,10,12,10,2
false,19689,3172,6,true,1,1,1,5,3,8,2,3,6,4
false,19716,113,6,true,1,3,1,96,4,100,92,9,11,6
false,19741,3174,18,true,1,1,1,1,0,1,1,1,14,7
false,19771,4771,17,false,1,1,1,9,45,54,-36,3,16,1
false,19797,4797,3,true,1,1,1,14,5,19,9,2,21,5
true,17979,103,0,true,4,12,1,986,117,1103,869,50,1,5
true,18232,2477,9,false,1,1,1,11,18,29,-7,4,16,6
true,18234,107,8,true,4,8,2,723,52,775,671,25,22,6
true,18257,2495,5,false,2,4,1,251,106,357,145,28,17,3
true,18269,2503,3,true,2,7,1,330,89,419,241,34,17,5
true,18282,2506,0,true,4,6,1,60,22,82,38,10,8,1
true,18321,2516,5,false,1,1,1,18,11,29,7,1,19,4
true,18327,2508,4,false,1,1,1,16,10,26,6,2,20,5
true,19107,445,22,false,1,1,1,34,10,44,24,3,18,4
true,19111,449,21,false,1,1,1,8,10,18,-2,3,16,5
true,19494,471,2,true,4,4,1,35,5,40,30,10,16,2
true,19496,4560,1,false,3,5,1,20,11,31,9,10,20,2
true,19614,4645,21,false,39,153,1,910,553,1463,357,284,12,4
false,012166803a08eb825ae90495f2728e06c45b9811,1132,22,false,10,14,1,110,28,138,82,30,13,3
false,02703e8fc1cf1560fccc7ebd804b274d24acb1b3,3608,15,false,1,1,1,6,3,9,3,1,10,7
false,041d37e0c8b3616dc86468bd2c3b6332638bdf1b,3694,8,false,3,3,1,16,9,25,7,7,14,2
false,053c512f6de708f1bb3f402cf6d911f88b1d38aa,1042,20,false,1,1,1,1,1,2,0,1,8,2
false,06e250e493ddbff674d1ec11deb12541f93d6519,2,12,false,1,1,1,11,35,46,-24,2,14,3
false,0928e283851031cec2425c788269e6b163e5e1e7,3782,10,false,1,1,1,4,4,8,0,2,18,2
false,097ea8b5b5f494ffbe4fe0b49931c071ff440e4f,3746,25,true,1,1,1,42,67,109,-25,14,3,1
false,0bbc3facec1fa6c83b0bec04bdfbefc424230a3f,1055,11,true,1,1,1,7,2,9,5,2,8,5
false,0f6cc0cc7bcc546c124ed875d197f0333bca2da9,853,0,true,1,1,1,7,2,9,5,2,10,2
false,0fc66a411f6820f8ac45fc0ec3a0433c3f90db82,3713,2,false,1,1,1,2,2,4,0,2,14,6
false,11a235ffe94e75d23b7d745f8c3e47b031629e6a,3703,3,false,1,1,1,84,3,87,81,8,11,7
false,11f95c78e203084ad367c7fcb546f5374e073d3b,3588,20,false,1,1,1,136,77,213,59,21,14,6
false,1278467fec2900bfb578f912218e746596b968ca,1182,9,true,1,2,1,72,1,73,71,5,16,6
false,13d65d7ccfcaa90f8e905e9b6c46aa0f246d8109,1056,11,false,1,1,1,18,0,18,18,3,18,5
false,13fd69e8712acd337570aad2c153cf4b2bc9b586,1102,30,false,1,4,2,602,52,654,550,21,15,7
false,14600167d6ddc3829831a5470d73f091fc4b9aa7,1040,21,false,1,1,1,4,2,6,2,1,19,7
false,15279b2525f694d1789ce06d74cf2d55a9a64e01,872,5,true,1,1,1,30,27,57,3,1,14,6
false,1547876e97e9babc17f683e8a47894757a4e1bee,909,17,false,1,3,1,12,10,22,2,4,8,6
false,17ba35b6d0bcb70aa38a3ae4cfd37efdec72943c,4,14,false,1,1,1,6,17,23,-11,1,16,2
false,19c92ceb59b8f2c77511b49cb3e0e9f70c50a711,3547,4,false,1,2,1,59,31,90,28,19,14,6
false,1fcd19a28fbab687eb2be65ad3535d1564d656cc,3627,1,false,1,1,1,15,3,18,12,2,19,7
false,206dc2a3918d3754b8d9b4b73f107a085377a2d0,928,3,true,1,1,1,15,9,24,6,5,9,6
false,22f16e52bf0fe9b445573a750eb28dfcbb929518,1185,7,false,2,3,1,17,8,25,9,4,7,2
false,237ba27499e102c6ad43d6111590a6c43570a660,3657,7,false,1,1,1,1,1,2,0,1,23,2
false,23baef8fb48fa363ffd0ed9f5d803a36a05e715f,966,13,false,1,2,1,242,4,246,238,3,7,5
false,241f856cc721dbf786321a94c987c5026eea5412,41,5,false,2,3,1,32,53,85,-21,8,23,5
false,25c226a8357d324fb201b1150a3d629f3917d18d,925,20,false,6,12,1,106,24,130,82,27,21,6
false,2aa35922b47f6c65a5f6114965d33cdd8078e197,1130,24,true,1,1,1,13,0,13,13,2,19,7
false,2b3ac3d446c9cc9a0f080fd4aabb9bbe3906d212,867,6,false,3,3,1,127,89,216,38,19,12,5
false,2b9a07cac90f7a5a5e6e5fb7859ae19e6c11323c,973,6,false,1,2,1,25,3,28,22,2,7,5
false,32e28950e18287283437856738652d9f9bda8ab6,1090,1,false,1,1,1,47,46,93,1,3,16,2
false,3922c518cdbeb0d8091ce06698e569bc37b54acf,44,2,false,2,2,1,40,33,73,7,3,13,1
false,393f7b2306f282df852bb487173c725396607ea7,0,17,false,1,1,1,4,0,4,4,1,16,6
false,39b8cc348ab1e3fefbd56751e949ab930db86853,0,4,false,1,1,1,3,2,5,1,1,14,5
false,3b1881b523e61496d9bc50e44927f7b58fa449e6,3557,0,true,1,2,1,114,26,140,88,22,20,4
false,3cdfe95608c99a6108149c92e7148d8adf9de088,1197,2,false,1,1,1,2,2,4,0,2,21,6
false,3d531231fe14666e11d0ade1955d6ccaa414845a,1,12,false,1,2,1,49,0,49,49,3,20,5
false,3e7dbe072e838adde0b1ac51ca0500165439eb19,3779,13,false,1,2,1,96,42,138,54,6,10,6
false,4116de8360f90f6709b750cb8cdc403a12072850,3608,15,false,1,1,1,6,8,14,-2,1,11,7
false,451e91d1429c08ce8f92bb8ce0b9ad8c28afb904,958,22,true,1,2,1,13,2,15,11,3,20,2
false,46ea0d4e7b8380cfc8c3f5508ac2a3896262e08e,3533,4,false,2,2,1,110,81,191,29,7,23,5
false,4ad3984c8b725ef59856d174d09d1209d65933fc,1169,8,false,2,7,1,288,4,292,284,8,7,4
false,4ce49a6195ea872569d316798d71bdde11810ab6,1005,15,false,1,1,1,10,2,12,8,1,20,3
false,4d0621855a40368052ecb9238c206d03d3067d25,911,17,false,1,2,1,2,50,52,-48,6,11,6
false,51ca4f3e91599d6879f14608c83f02a079ea9dac,3582,3,false,1,1,1,20,18,38,2,6,16,2
false,53fcff2eab7836bcf2be262e1fd12712117c4797,996,4,false,2,2,1,7,7,14,0,2,9,4
false,5416f2315e222acf8d9a36a51bcd4142a0f1c022,943,6,true,1,15,1,90,13,103,77,19,9,6
false,544d68b396c4b7d42a4b07bac0ed101fa8d7d12e,1006,15,false,1,1,1,52,60,112,-8,1,11,4
false,54db9ec725d2b2f74436b15e6c7aef196f098a81,3584,3,false,14,34,1,64,44,108,20,61,19,2
false,568166d55454a079e558c66c35c867ac5ff7fcd7,3522,0,false,1,1,1,8,15,23,-7,3,10,5
false,59c2fd881318b5c421983881e68889225e0a4d18,0,16,false,1,1,1,12,9,21,3,1,16,6
false,5cd939f63464e9bd46c87a75134fad7e75ede9e8,1129,26,false,1,1,1,9,9,18,0,1,9,6
false,5ddd7cee90d5b59ebacdc3da6a25f548646eddad,941,7,true,1,2,1,11,0,11,11,3,11,5
false,5e4169802f407114aa18d1b4265bf5231673b20b,3554,7,false,1,1,1,4,2,6,2,4,11,4
false,5e5df6bd09b30b11deb2d8ee7b12b949636cbdb2,3535,4,false,1,1,1,6,1,7,5,2,23,5
false,5ef30b6d8b55441fddc8ddfdd24251f378e24e60,899,0,false,1,1,1,30,5,35,25,5,20,4
false,5f363e8adeef9ddd118e6906e2848ce0a0b049c7,869,5,false,2,3,1,53,32,85,21,8,11,6
false,62ebe88981ab42b28eafad89586307e0c249f00a,1084,6,false,1,1,1,20,11,31,9,3,15,4
false,64c3f58279809141a851becba445a20badc8a610,1072,19,false,2,3,1,97,27,124,70,5,20,5
false,67919841467360415308ceb64e0b6d88ed5168bc,3541,4,true,1,1,1,7,28,35,-21,8,9,6
false,68670ba19506f2f3ef24181ecc4fbb4961c7d8a8,0,8,false,1,3,1,47,16,63,31,11,13,1
false,68b616728a08b78f3af77f288f103c1cb0ba2c9c,997,4,true,1,8,1,30,6,36,24,8,10,4
false,69a36b8beab76ad176a20554d692e89d62f8919b,1085,5,false,1,1,1,1,1,2,0,1,6,5
false,6a2f340ec0187ba68eee869863357b74b6e8c6bf,5,4,false,1,1,1,22,10,32,12,3,13,4
false,6c47cc97111146396d2daf1a97051135d2eaf69e,1198,0,true,1,7,1,566,13,579,553,24,7,2
false,6d09e57be72cd76b42741c3cba59e9d25f6738a7,976,2,true,1,2,1,8,0,8,8,2,14,2
false,6f2401ac400d3254865e469ccea3e2d3384b7e01,1131,23,false,1,1,1,16,3,19,13,2,20,1
false,6fdf1138ca092073c0a5c57fc2f5e8c2589addd9,1177,14,true,1,2,1,2,4,6,-2,2,11,2
false,6ff87cc20d5b728ebe6be2d6f4a2cb0092f6abf6,866,6,false,1,1,1,10,2,12,8,3,9,5
false,7041a9238e5087efa5fb0fa3d8a5d0721eb5f610,1078,11,false,2,2,1,212,43,255,169,10,20,6
false,7231be592aa65ac1e91d0a319761f7e3df2225e9,1020,16,false,1,2,1,18,4,22,14,4,12,3
false,751943ed00e864f1104806c7e03a1207797cf1b6,3645,11,true,1,1,1,17,10,27,7,3,19,5
false,76043bc8c8283f3ca4ef45e7c2f667598719dd71,1171,2,false,9,24,1,251,256,507,-5,52,8,3
false,76355a28b04423662f97c56834ba2e2fd1e2eb9e,1156,0,false,2,2,1,170,3,173,167,6,12,4
false,77054d7ecbaec09f52afb03823ad24b555946a10,1014,0,false,1,1,1,2,0,2,2,1,7,5
false,77b4ec7e1bc0b8c6111728cc074226dd9cfe1b73,1013,3,true,1,5,2,18,7,25,11,5,15,2
false,7903697c36bbd79e729695e3ca35e24f7674a5bb,3553,0,false,1,1,1,2,3,5,-1,3,15,3
false,795507aa7bd091914bde8b48f739b0e186387543,0,33,false,1,3,1,5,2,7,3,4,16,6
false,7966c426366f536c8b383baa78fed5e6c7925487,1126,27,true,1,1,1,3,3,6,0,1,13,5
false,7d9388a3cc90b322eb1e9ea048a16e31beaad387,961,20,false,1,1,1,9,0,9,9,2,20,4
false,7f86550ef83316352d0d52c0f31836c7b3fb1506,849,3,true,1,1,1,4,2,6,2,1,10,7
false,7fe10fe6354af68db42afbed6e5cff2464b9fbb2,1097,3,false,3,13,1,400,124,524,276,45,8,6
false,800853049814e751d9194bcb7d1a5947a870215a,3729,12,true,1,1,1,22,0,22,22,4,17,6
false,80d30c3dd81a4409a3abaf04d7bff0525d4ad166,932,0,false,5,7,1,12,10,22,2,8,7,2
false,80e6f9adf4ef7eaa273eee8818a4ffd7bb0c5d06,1081,7,false,2,3,1,75,47,122,28,6,18,3
false,80ed147652133ce222279f34e21f4b44e8a4a728,1069,20,false,1,1,1,1,1,2,0,1,7,4
false,81612f8e9bc02bdb1bac6f1d6bd4d221668bb559,854,0,true,1,1,1,3,0,3,3,2,10,2
false,81de2275e482c8954c85e67be0d2799b53ba6e6e,3558,0,false,1,2,1,13,35,48,-22,2,20,4
false,82b6e75b96c4cd3ae4b51039adcfd21bc83fa983,3616,6,true,1,2,1,5,5,10,0,3,14,2
false,8828d5327a6a7ddb71dcd0a66ca5f262b1a26e60,3536,4,false,1,2,1,19,8,27,11,7,23,5
false,8930cefab8640fa1bef3d1d49f93a23184b1bafe,1006,15,false,1,1,1,38,44,82,-6,2,13,4
false,917132e28d928329e06f21e3ed0ad962610d5248,1179,12,false,1,1,1,5,26,31,-21,3,18,3
false,927e28cb20854827a769d4fa8e3f3d9b6814e607,3749,25,false,1,2,1,31,4,35,27,6,5,1
false,92cec8d2acdc08b75646e5e2c988183ca0841c17,950,1,false,1,1,1,33,29,62,4,2,9,5
false,96b0a949e102a5766abc5e12b3392b1bf3da7005,3696,8,false,6,8,1,61,38,99,23,26,14,2
false,9a88c50ffb1233a95d89b83d01d6c9673c8641e7,917,14,true,1,2,1,2,0,2,2,2,21,1
false,9c8d980a74d7cf786aabaa233c692e247767aaac,3519,0,true,2,2,1,105,0,105,105,2,10,5
false,9c934116f2781af7a7e4d5647ba6cf45c4fed546,1133,21,false,1,1,1,86,2,88,84,10,11,4
false,9d8c4ded50702fdacb75a89e65471627095723ac,912,16,false,1,1,1,5,5,10,0,2,13,6
false,9fd35d09a26e1dd060baa9d307cd69f05d6f7ae6,927,3,false,1,1,1,5,1,6,4,1,12,5
false,9fd8bf329d6c5b8e0305e5b75ee43f1ea3b9ef93,963,37,false,2,2,1,31,5,36,26,10,21,6
false,a06295fe0ad72358f980d09feb8c971613793527,886,0,true,2,4,1,48,113,161,-65,23,9,5
false,a17d28605a9b6b8ef7eba3aae27df87404819cc5,1118,15,false,1,1,1,8,1,9,7,1,7,1
false,a2624a833e92a99d5ef50e30eea9743a873c0392,0,12,false,1,1,1,1,1,2,0,1,16,6
false,a383988cdb57e56e5211fdf592545fe67331ff6e,2,12,false,1,1,1,118,189,307,-71,11,15,3
false,a6541e40d4f773114a6a0503375a6564fc07e899,3753,24,false,1,2,1,62,7,69,55,11,11,2
false,a74149e9848fef73d909dd56843e0fbab23f877d,967,11,true,1,10,1,544,95,639,449,23,16,6
false,a89b17fa944504a00107d40ecf6043de197f34df,3551,0,false,1,2,1,46,42,88,4,6,14,3
false,a8d67b02825d6fbb1d145c7aaee8382f5f648035,3511,0,false,1,2,1,76,49,125,27,9,21,4
false,aa74f0000605ee2563f42c9434578579d2db21e6,1124,0,true,1,2,1,117,10,127,107,12,7,2
false,ac348956e3b4f435d662ac7c1303e7d4fd8d9111,1195,2,true,1,2,1,6,2,8,4,2,17,6
false,ad0c456209d31522a7729acba2264b432326c5b2,3566,0,true,3,3,1,18,5,23,13,6,18,5
false,ae904a1f56d80cb3f4ad160006c05319e73d173a,969,8,true,5,5,1,26,5,31,21,13,11,3
false,af499b5fb4862041962cba2e00670ad415130897,954,23,false,1,4,1,24,0,24,24,4,20,1
false,b00e2a19d326329be9a9fd789fc26cb8e5ff7889,1097,2,false,2,6,1,139,112,251,27,16,21,6
false,b00f8c63901369babae2009e48f6c4d12b9f4097,1018,18,false,1,2,1,21,2,23,19,2,20,7
false,b4fa8af0791b3a31a91ea8112175adf6493b834b,973,6,false,2,2,1,31,12,43,19,5,10,5
false,b53fa5dd709ec00546efc4d606d978b0c64edbf2,1009,12,false,1,1,1,9,6,15,3,1,17,7
false,b54937ab5051004faa6c04048d6bb0410e6dcb33,907,17,true,1,2,1,8,2,10,6,4,20,5
false,b627824b186212ce09e3ad81c2dbd1a6ac64e10a,1178,13,false,1,1,1,17,11,28,6,1,9,3
false,b65b4199dc8ce2032a6b20a2712caa6aa0c7d2f2,3591,14,false,1,1,1,15,18,33,-3,1,15,5
false,b8866aef330403353285486bbf5c0342b6c6a998,943,7,false,1,1,1,7,2,9,5,4,6,6
false,b889d3f559ce9cb8ed715ed6ad9721efa6614b42,1050,1,false,1,1,1,5,0,5,5,2,10,7
false,bab227213ef30a414f3ec3db41c1a28646120a6c,3628,1,false,1,1,1,6,2,8,4,2,20,7
false,bc21443ea904ba37f46c1fb3b9ab99322e3bbb0d,3641,11,true,2,3,1,123,62,185,61,11,18,5
false,bcdb3e88d872c5c6c48de5d9d1953e489640a88a,1000,2,false,1,1,1,1,1,2,0,1,17,6
false,bcef796dc7cfa340ff1c26231ffbdf5eef397192,3531,4,false,10,23,1,408,560,968,-152,56,20,5
false,bdab831ba5deae6871bcb571d91207848b762744,3732,5,false,3,11,1,138,28,166,110,20,16,6
false,bdedde1294590039e5ab57196053103b2024ca9f,1101,33,false,5,12,1,384,26,410,358,41,12,4
false,bf2430d255956ff32307aea3a5e725ee2be16dc2,43,3,false,4,5,1,39,58,97,-19,8,11,7
false,bf5c928796712740ceba42384f0dfe4b45a94fb5,1153,4,false,1,1,1,14,1,15,13,1,20,6
false,c0936fc8e70ec17f9248b139947cd2e85c793b6f,985,14,true,1,2,1,227,7,234,220,3,15,1
false,c2dc993c424904d0717c0388cf2690c49155d2e7,1135,20,true,9,27,2,451,31,482,420,55,8,5
false,c538fd5098342b2d3e4278d6340e6eb0b91800e7,1098,1,false,2,4,1,4,4,8,0,4,20,7
false,c58f28dfdd4a75708d6ffa909d7d1ab1e6a3fadc,3744,25,true,11,52,2,3920,1088,5008,2832,97,2,1
false,c79a3cdefe4ced7f7effc94a6862a0d1d5af0dae,3555,0,true,2,3,1,125,82,207,43,8,19,4
false,c7b66545b4a4b4a903f4393e08b9ba9498c19fc5,3586,2,true,7,23,1,119,3,122,116,28,17,3
false,ca59c1201e2ee2abe0c1548b371dcd056cbe2b56,42,5,false,4,5,1,6,22,28,-16,8,9,6
false,caf91b9c0687bedab40ba06f596b0c2c2f1ae7e3,3563,6,false,1,2,1,115,1,116,114,2,14,3
false,cc9b9567b990ad3fa6cdf0bf42b7dd04fd0cb108,3513,0,false,1,1,1,23,10,33,13,7,21,4
false,ceaebd37edc2a2ee388d41b997c37e51f4d60d34,3618,6,true,1,2,1,29,0,29,29,7,15,2
false,cffbba94ee476b87a3932d2d5a975e55714657f9,871,5,true,2,3,1,17,43,60,-26,6,14,6
false,d2032254b7b29aca620223c672ffa244171898b5,3588,2,true,1,3,1,13,2,15,11,6,17,3
false,d2b8560a760ddd7298126dffeb06f3e3c521944c,1182,9,true,1,5,2,28,6,34,22,6,18,6
false,d4f074186dcc86f258bc4af10b6d816bda9fee3b,1161,38,true,1,2,1,25,1,26,24,2,21,1
false,d52dc3b740e778bbab60b2a7b5715ec44f31c10b,3698,8,false,1,1,1,1,1,2,0,1,15,2
false,d7f9b1ee76320dd9fc1e9992b4b75773718614bb,3570,13,true,4,4,1,7,9,16,-2,8,12,3
false,d946659520bd95a757a843bec63a93ba80272751,991,11,false,2,4,1,61,13,74,48,5,21,4
false,dcf78961724abf97fea9e768cca02ba65146b324,3510,1,true,1,1,1,4,1,5,3,2,18,3
false,dd0782990be15fbaf91f393591cadd4c67eb6931,1162,33,false,3,3,1,24,6,30,18,6,15,7
false,de44917e62c6ccadb2ae4cf62009f3fa0ad71827,891,3,false,1,1,1,43,6,49,37,3,14,1
false,df442b9b6ade46dedbc4b44ec1f085b6d4958c9b,994,5,false,1,1,1,21,15,36,6,7,15,3
false,e136227ee6446777a94dfa3fc75159c8cf2ffd02,1049,7,true,1,1,1,4,1,5,3,1,11,1
false,e28594952b7e9e0c7eeced17142484ceb0d5d84b,3520,0,true,1,1,1,19,2,21,17,4,10,5
false,e81368af0632b28a7ba54be49142e2b5bf78d14b,3554,0,false,1,1,1,70,84,154,-14,15,16,4
false,e83fb821d512456113a5e16b21ddb5c5458d9e79,1019,16,false,1,2,1,20,6,26,14,8,12,3
false,e8b5c9ccae21bb48f536f44232df0a2a7fe4e0e5,1136,15,false,1,1,1,7,3,10,4,2,6,3
false,ed6df98653ffff0838dcb7c21d6e32dd9d159c7f,3781,13,true,2,5,1,330,196,526,134,17,18,6
false,ef76907422d74ba9a37347c4fa0dde9975f307b7,1107,21,false,2,3,1,30,3,33,27,4,11,2
false,f0a3f849f7d0e028eb97e672a3cbf52648b98617,3517,0,false,1,1,1,2,2,4,0,2,9,5
false,f175ce06535e748b7df9b1bc8eb7c028d41780bc,3730,10,false,1,1,1,69,27,96,42,12,17,1
false,f1d4f813ed6404b83d539a5f68166bea89fc95df,0,16,false,1,2,1,22,1,23,21,2,14,1
false,f23d68b42fd71674fee6623f6779d70b6849da21,1078,11,true,2,2,1,2,39,41,-37,4,9,6
false,f4074a8811c1878a01bdfaee1159a19612888177,3705,3,false,1,1,1,4,4,8,0,2,11,7
false,f40a3f34b17633b884f3d35dc2eb43d0810a0cfa,906,17,true,1,1,1,12,1,13,11,3,20,5
false,f7a38815363fbf67de0ddd819119808aee386543,3619,6,true,1,2,1,25,1,26,24,3,16,2
false,f94b563bcd64840a9978204e75812ed182830990,1069,19,false,1,1,1,58,57,115,1,5,7,5
false,f96a8e595171a5ed75a05ea16da07647de54ca64,3544,4,false,5,6,1,49,2,51,47,14,12,6
false,fa4e15e198911b8b5666a8062b0a5ac41b1aafa5,850,2,false,1,1,1,39,13,52,26,8,18,7
false,fabefba79185ce7ec143d911ae86f5ab8bb08845,868,5,false,1,1,1,1,1,2,0,1,20,5
false,faf8b76b5a5487b0308ebe021f45461881b2c568,3540,4,true,1,1,1,8,5,13,3,1,8,6
false,fb538ea532d2d0e31748f04634259ebfc3c9ced1,3789,13,false,14,37,1,1103,984,2087,119,89,18,3
false,fc2e6916d996f6f1b16f9478c1c9213007fcbd20,1052,0,true,1,1,1,3,1,4,2,1,21,7
false,fd776274c91e338af1364b75fae48547c8214c45,3593,10,true,1,1,1,18,8,26,10,3,17,2
false,fde13d96f92e9388869edb3ba80afe212d082fd4,70,15,false,1,2,1,36,0,36,36,2,16,2
false,feb8d101bddc032cf55d6c63bc1020ac6930e30a,851,1,false,1,1,1,6,4,10,2,5,6,2
false,fef838f197ca42189f9760c4927993abd9055c01,3538,4,false,1,1,1,17,14,31,3,1,1,6
true,013ac44d3a64d53ab9e131cb43124fcbc0873caf,0,1,false,1,3,1,14,13,27,1,11,11,2
true,25f96b164498988439c38baf6ff4c57763464824,855,0,false,1,2,1,29,4,33,25,4,11,2
true,48a7a21541b96eba74b493d8a2ce4a678a6bc9db,891,2,false,6,28,1,435,44,479,391,67,14,2
true,4cd7e625556f86eb25a4a4cfae20ed0d34aaf5ed,3534,4,false,1,2,1,45,7,52,38,11,23,5
true,65b522a2a75c78c977a65e15663509509b5f12e0,3599,18,false,2,17,1,1822,907,2729,915,45,19,4
true,7dddbbb2bdc1a2ab5648e7d4b4b24d6f328eac6a,1015,0,false,1,1,1,16,9,25,7,9,10,5
true,8986245b47e738c004e9aa9bba56b8f973dd3dc4,3574,13,false,5,7,1,70,62,132,8,8,20,6
true,89a7cb8e710952e76a3a09b113fcb6ebe17acb12,3627,1,true,4,6,1,155,20,175,135,13,18,7
true,9b468bc2758ead86690f633ee071e396c482c489,1172,2,false,1,4,1,1099,1043,2142,56,36,12,3
true,b934b6009c9e7d2ed6df400698d6e6e4b550291d,900,0,false,1,1,1,15,18,33,-3,2,20,4
true,ba3bc0c0205ed37f0541e43dd747ebcc103f8ed8,3589,20,false,1,2,1,24,17,41,7,4,17,6
true,c9b7f1f1b570eab9eb6b61df0e94cd4dbcc5e2ec,3570,10,true,1,1,1,6,1,7,5,1,12,6
true,d4aa5b53d6410d543834f3d54841bd5eaf95dbee,3549,0,false,1,2,1,8,25,33,-17,4,13,3
true,d5e202d7554f79a7a7d670e371486d66a9f75c9d,3542,4,false,1,1,1,6,3,9,3,2,9,6
true,e4358ae6b8a8028de980f4fd41f0c93d3dbb40b2,1006,14,false,1,1,1,20,12,32,8,9,15,5
true,fb619f23947aab158a11730e00f4dbd490093669,4,4,false,1,5,1,383,37,420,346,16,10,4
true,fc6213604dc3a1a596b5a6fb25fd9cf0759e0fc7,903,0,false,1,1,1,10,2,12,8,3,13,5
false,0539b48b8a9311e56e99568758f798b83c2ff0f0,2733,99,false,3,4,1,15,41,56,-26,9,15,3
false,07ec47adfac619308f71047808380322c8b46352,2904,20,false,3,3,1,52,21,73,31,13,19,5
false,0dbf684298b3702d22a92fe32e62ab1c11b09fce,2824,55,false,2,7,1,772,716,1488,56,17,15,5
false,149ee0104705200eaa3a2bfe240c8dabbe921788,1031,33,true,2,3,1,24,7,31,17,12,13,4
false,14dc4fade0745899b06994ec2c934a9bf38e7d2e,1538,42,false,1,1,1,10,5,15,5,3,22,3
false,1666f54b50f57fd354dce2462c5ff88bee85328c,2727,105,false,3,3,1,71,36,107,35,19,17,4
false,171f7b535280cfe1388f20cb72e998a28a376a92,2974,4,false,1,1,1,2,2,4,0,1,17,5
false,1ee11138a7c40741195f1709a000569018e3b39c,1567,14,false,1,1,1,52,17,69,35,7,10,4
false,1fb07644a18cd6008f5d8f61f4423e11968a0ef1,2835,53,false,2,6,1,72,61,133,11,19,16,7
false,22e57ef7b727f24e41cc0040bfe47889bf3d7705,2809,61,false,7,29,1,291,210,501,81,94,15,6
false,272e1d8da590c40cb8caa27f1614e0b7e5c63d65,2730,99,false,15,56,1,819,815,1634,4,220,0,3
false,287e86b7aa787c9836fccbe2816dd08b4b6c599e,2846,48,false,4,20,1,249,304,553,-55,32,12,5
false,2c3a4869abdf7d0f0d135f38e9bbbb4a50211a3c,2840,4,false,2,4,1,90,9,99,81,11,11,6
false,30123607c66627f74c8e8f7bed372f6e9b99ec31,2808,62,false,11,43,1,821,938,1759,-117,133,15,5
false,31e448ffd677d9360c4132a63b08fe53c860cf7c,2961,10,false,8,23,1,279,253,532,26,117,15,6
false,3270af81e88a356d1e5330d9117fa86378cda6c2,2810,9,true,5,6,1,8,18,26,-10,9,19,4
false,3832a8645d858de657a46859ca2ae841c8afb285,1442,99,false,1,3,1,119,37,156,82,8,18,3
false,395ecd2b70fcbc4719441bdf9ff521b7ef5c7a61,1610,20,false,1,2,1,38,59,97,-21,11,20,3
false,3abfbe26b391a7486fd3eb68586dad981bf77de8,1449,10,false,1,1,1,2,2,4,0,2,17,3
false,3c321e9b8f049c96ecb7e9b35c1cddebef71673c,2709,107,false,4,10,1,157,53,210,104,26,15,2
false,3e4c9909e0b74f9abeb24398b8e9b1de11052bbf,1715,14,true,4,5,1,164,8,172,156,11,10,4
false,3f08e54a23a575d0a113ae4777ec842a3644368d,1789,0,true,3,3,1,17,23,40,-6,5,15,6
false,3fcb910c1aa40929da0de5b9c0fc4f2e0349aaa8,2734,99,false,2,6,1,154,77,231,77,9,19,3
false,40a7d5984e41be6033304b42a944efacfe5c76fc,2916,5,true,1,3,1,84,4,88,80,3,9,6
false,40d84ff1e37d1f562a030dae002a10b418882e1b,2906,14,true,4,6,1,29,13,42,16,16,17,4
false,44bb8cefa56dda18f603a7cea733edcdb6a548ed,2841,4,false,1,1,1,4,1,5,3,2,12,6
false,451e27e7369e6d75088926ab753aa7d53e3d18b7,2809,16,false,1,1,1,9,0,9,9,1,16,4
false,49a32eb1b0da23229441cd2f199ec57caab46cbc,1026,6,true,1,1,1,67,9,76,58,8,18,5
false,4d7ead76ce0e24c0a1f180a8fd218bc251068a29,2849,47,false,3,4,1,17,1,18,16,4,17,6
false,58ed30e7103f1c86d1da9702e918795b30b93a27,2700,108,false,3,7,1,516,125,641,391,13,11,1
false,5da7c29787e901a96388c5695a9595932f0e3a58,2947,12,false,1,1,1,35,16,51,19,5,10,4
false,6097123af68784a0186337b2e01a8025d7d13d25,1073,6,true,1,1,1,2,2,4,0,2,11,4
false,6268421dd039a2c272113427852b4d81c383c7c2,1616,18,false,70,631,1,159489,10930,170419,148559,1595,18,5
false,649eb7f3dc7ca8035fda8c1b33b62c3af19113be,1600,25,false,1,1,1,6,1,7,5,1,10,5
false,6a6c8bacda1e64b1be2bf561db92b99e50148126,1043,18,false,1,1,1,17,14,31,3,1,19,5
false,6dfa452e29ca3ea5ee63552f9cefb0dd07899fa3,2849,48,false,4,6,1,14,10,24,4,14,19,5
false,738c47bc553d7e90a0d074b99aff5e666d26a7c2,2957,10,false,8,63,1,3907,4453,8360,-546,78,8,6
false,85cb290e1c69c4ba5df04df8ee5ab433fe099719,2734,99,false,2,5,1,79,29,108,50,7,15,3
false,87cac64dffad79d1eb1fcc4964374bd774242384,1567,14,false,1,1,1,30,36,66,-6,2,10,4
false,8a555e669a593bf073dc59e81090818c3be6895d,2934,19,true,1,2,1,42,10,52,32,7,11,4
false,8bf6b2c62c814c5d8e160bc41a5a0089e4a4c9d9,2944,17,true,1,1,1,9,1,10,8,4,14,6
false,8d2efaf7eb3c8cb901d83bb19041f35ea770d6f6,1591,38,true,16,27,1,120,121,241,-1,62,9,6
false,8eab088a3538fc043c404ed9ed4dc2b1ce6a771b,2968,4,true,3,3,1,44,5,49,39,6,14,5
false,90e9cfc535dc992b00cb4af21eb7a1ef34da433b,1617,18,true,1,1,1,1,1,2,0,1,19,5
false,9189c934d926209855cfc8a50f129de68f43f818,2965,4,true,1,1,1,1,1,2,0,1,11,5
false,9c3eedfea8b49e6c9e0c4b249a415721a0ebd9e9,2822,55,false,3,9,1,198,182,380,16,22,13,5
false,9cc3f4b206abd0a503133765091522e91243849f,1045,11,true,1,2,1,26,4,30,22,3,9,5
false,9f844383cdb528d67ec69895dd8c6117b6e36e13,1674,90,false,3,11,1,536,415,951,121,25,14,4
false,a00e65cb1f14f048db93b594da7ed0de22a1d353,2840,50,false,1,1,1,8,3,11,5,1,17,3
false,a4d4b3ab571fa56b02d611f2b565d03ccccb1347,2845,48,false,2,2,1,14,1,15,13,2,9,5
false,a6e00bc6425fe23b7434153cbd18fb4235106772,2970,4,false,70,675,1,162094,15005,177099,147089,1676,14,5
false,a906aaa266352e19afff373fe353a8810532b95d,2943,17,false,2,2,1,86,55,141,31,8,14,6
false,ac08e4ded7677afa2554bb50e703944fd94e0e81,1817,3,true,1,1,1,6,2,8,4,2,14,6
false,b5971484a57212a39af6f70267ea00a24fdbf100,2842,49,false,9,14,1,123,17,140,106,23,10,4
false,bbd61f8e192b0af9cf7c4aae51a65e5cd07c863c,2724,105,false,6,18,1,601,570,1171,31,55,15,4
false,bec34b460fc370d10b3bc92bee5a09a1787c6f8f,2839,50,false,5,37,1,265,157,422,108,78,17,3
false,c319c1912574f968107ec60d58f8bcabc6a7db2b,2725,105,false,2,5,1,216,119,335,97,29,16,4
false,c80f5561392d951c36ad922146228378ecb27e43,2904,15,false,1,1,1,1,1,2,0,1,15,3
false,c8ee504291a6f1079039fa606e8ded6bd0fd7444,2756,83,false,1,1,1,4,0,4,4,1,15,5
false,d19eef34035b3afcdf45ccd49bd191d3146f600b,2693,112,false,2,6,1,152,5,157,147,9,12,4
false,d7f2c42e2d1a0af6e7786537fb13a0afed6f9403,2836,50,false,2,7,1,160,114,274,46,24,12,3
false,d8e6331434fbb6025301f06f03230c6f6cad7676,2887,28,true,2,3,1,23,55,78,-32,8,17,4
false,e3bda4efbefa2370d7d9b594aa97dc60a2b37235,2976,3,false,3,10,1,368,47,415,321,19,13,6
false,eaf374fa582e07f6d49184b09d72dfe84d7ace1e,2810,61,false,7,15,1,213,153,366,60,59,17,6
false,ec79a6f88ebdcd9f18953ffd29febc57720f691a,2938,18,false,6,12,1,402,208,610,194,54,12,5
false,f07387c703c5df82c63d13617f1bef20a68ec19c,1039,24,true,2,3,1,41,2,43,39,3,12,6
false,f594a6fc661ae3590c8fdb9e5255e1b7b65f8229,2763,75,false,1,2,1,219,15,234,204,3,16,6
false,fc42d5d4aaf4a2b48e2f80a3f098bfe3b145ef7c,1449,25,false,1,1,1,4,3,7,1,1,21,2
false,fd1c9dd8d2c298ba66ae1b3b98bc85719cdefb41,1570,14,false,1,2,1,201,56,257,145,8,16,4
true,17f46665df2e0b066b40a3889dbf3f56173e0554,2843,49,false,7,25,1,449,147,596,302,51,21,4
true,33435fad3d8e1e12ab85873d842f2f8d580b567a,1710,54,false,1,1,1,2,1,3,1,1,15,5
true,38501a9e978335c63ed52555f8b6d2d8e4f138f8,1713,53,false,1,1,1,5,0,5,5,2,14,6
true,4d2a580c2c8ca054841697a9d8848bdceb1c97f9,2767,75,true,8,19,1,120,125,245,-5,44,17,6
true,6048343fee5f5fd9b845ccf12d285c69d5aae182,1708,55,false,1,3,1,148,36,184,112,11,10,5
true,aaa2e5c6c1d6d34f8068dc9a056a6b446fd05603,2833,53,false,4,9,1,124,57,181,67,20,12,7
true,d45a5c861c88e35513b79e97fc56fd3a1fa5731d,1567,14,false,1,1,1,11,5,16,6,5,10,4
false,0036f14c33ffb548cdc8adf9ebf17cec34a73c1f,2679,45,false,2,2,1,3,3,6,0,3,16,5
false,0102b9db3f093b415d1a646c5d7590bd3b10d00e,0,17,true,1,2,1,5,8,13,-3,5,22,2
false,01f1ee5818b7a0376d664318921368de99939c0c,2504,107,false,1,1,1,1,12,13,-11,3,10,6
false,023f94d11cd7147aa43cedcc480d27cf3d9398e9,2644,54,false,1,1,1,36,1,37,35,2,12,3
false,02d3cda2f37bd10cec0a6991d928643a559eb6c2,2305,262,false,1,1,1,11,10,21,1,1,9,5
false,0484898603fb5cb726aa11caa6c7346a67faa5ed,2849,162,false,3,8,1,194,38,232,156,22,22,6
false,051c678ea61bead91d3a198f45393214d185f35a,2926,2,false,1,1,1,1,1,2,0,1,12,4
false,06218ed2312f274ffc060e8d9c9125a8b3953138,2061,354,false,5,9,2,255,139,394,116,29,10,4
false,0639719c03a08071db21162238fda9d5f5001dc5,2444,25,false,1,1,1,1,1,2,0,1,9,2
false,06660a00ba52e1c530587a3c46e16d2860470158,2390,11,false,1,4,1,13,5,18,8,5,22,1
false,068d7d59693689391b2f5a89ebe9cfb021fd9231,2774,11,false,1,4,1,13,5,18,8,5,22,1
false,069139412ce4b553375ac1a3006aaa9f5783091f,2839,25,false,1,1,1,1,1,2,0,1,9,2
false,079e0dc49269b54550fb643ebdd8699dce3dfc7d,2133,328,false,1,1,1,6,6,12,0,6,22,2
false,0adb864ff18951a9630bd2339fb9e92963867d4a,18,33,false,1,3,2,264,5,269,259,10,20,7
false,0b0e0980d6ac9cff063be2ec5b93bf7d37fe8bc8,4,37,true,1,1,1,6,0,6,6,1,18,3
false,0b2dbaab794918c159f913b50fbfb2958deb98d9,2436,36,true,2,2,1,12,4,16,8,2,10,5
false,0b37503f13aefe57406b3782bd1c49d2883b11ff,2716,33,false,1,1,1,1,8,9,-7,1,17,3
false,0c1cf1a195d9b27bbe4a7538ab68e6d6b22ad8cb,2573,73,false,1,1,1,1,0,1,1,1,10,5
false,0c38b57174369490a875dd1355cb0eb2f5808922,18,48,false,1,1,1,66,37,103,29,7,16,6
false,0c412482dfba45570fe7b7b0116383e59b3245f6,2248,299,true,3,10,2,279,52,331,227,25,15,3
false,0ce7be0382c9c8113afb2827e633e23fdfad1eb3,2963,39,false,1,1,1,4,11,15,-7,3,10,2
false,0d4d1df7c719c04c72ca974378465a4be82d086f,2219,304,true,2,2,1,102,0,102,102,3,13,5
false,0e1155909b5ce4eba96f0c55ecdb1312d1e2447a,2582,69,false,2,3,1,40,3,43,37,4,14,2
false,0e44f3df8b2bf1029e14babbb74af0a28d3917d4,365,29,true,1,1,1,12,2,14,10,2,21,4
false,0f8a6d757367e73eaadcb0dff1372d169bcefb76,2969,38,true,1,2,1,65,4,69,61,4,13,3
false,1064d372b48a048bdee292564ec5f45cd00fd3c4,2,42,true,2,2,1,5,12,17,-7,2,20,5
false,10bceab0920ff6bb4c87ad7a0dc651ce9bcdb86b,288,291,false,1,1,1,1,1,2,0,1,15,4
false,11ef03bd10bd41ca1041d4937d99d73a3038a323,284,310,true,1,2,1,18,16,34,2,3,15,6
false,1274ea5673fe5aa02ac54f40e3635050a8d67e31,1,22,false,2,5,1,36,0,36,36,7,10,5
false,12ba191004cd27408f6a9f78d282b3e3b8637a55,2322,256,false,1,4,1,233,1,234,232,4,16,4
false,13137b9da97f980bfd0f84dd716b22e344de86c8,2944,52,false,2,4,1,110,7,117,103,8,10,3
false,1316f6759b0e503a7805fae63290ab34f2618945,2380,205,false,1,1,1,3,2,5,1,2,14,6
false,1397853757a0eeaa1487862abff0f46b7e4a288b,2394,198,false,1,1,1,1,1,2,0,1,16,6
false,1426abb909b542b4a283690454884a83fbbc50f7,363,15,false,1,5,1,13,6,19,7,8,10,7
false,145da0212480f26b571208968e299abdfd951e2b,6,30,true,2,2,1,34,8,42,26,5,18,3
false,15403962c9d9afe0dc7c691184c6cb03ff5aae13,2511,101,true,1,3,1,38,33,71,5,5,16,5
false,16c81b13e6b49d1e6efc02902dfc8f01b67e23b7,2398,173,false,1,1,1,13,12,25,1,4,14,3
false,16e52ff2861f36431aedf61cafd86d2c5565d449,24,18,false,7,13,1,14,14,28,0,14,21,1
false,16e908b54916d3bf9c62a85ba20ee6e7016fe7dc,2787,75,false,2,10,1,178,63,241,115,26,15,7
false,17860dfb1b4ad7ee57b550aa0b0ab2bc5b3a2805,2447,145,false,1,1,1,2,1,3,1,1,14,3
false,18592d1ac29d08d816e98ff3d18480d1ae228a7d,2219,304,true,1,2,1,2,1,3,1,2,12,5
false,18fbdf44837d0908302005bc1a9e9a6dacd85acf,2417,159,false,3,5,1,22,86,108,-64,12,17,3
false,197906d5217dd205280394ad74955fa9a449ce1e,2376,42,true,1,1,1,14,10,24,4,2,12,6
false,1b4ef7b210c43d08b4773a80968a8f5e032b4b2c,2127,328,true,2,2,1,21,1,22,20,2,16,2
false,1c517a264e908ab91f833e2563e3efcf0a0ca787,382,43,false,1,1,1,5,1,6,4,2,20,4
false,1d6d597c1aa57ca27b0b4d9b337ad4849b093ab1,2224,303,false,17,36,1,66,66,132,0,64,14,6
false,1fb665336400f0f40ecbb36a642020f87e73524d,364,30,true,1,2,1,106,26,132,80,4,19,3
false,204849bc6046ed73f447f8daa7a1502f3e53a0fb,2750,42,true,1,4,1,21,40,61,-19,4,10,6
false,217758e4fb25e7d9b775a26dc707d028f736800a,2110,340,false,2,3,1,6,6,12,0,5,10,4
false,2293764f6a3abdf3492c97c9299f7e8fc043ebcf,2125,328,true,1,2,1,28,16,44,12,4,11,2
false,234dc01def692a28365dd08bd6ffb16d0b646a3b,2,22,true,1,1,1,6,0,6,6,1,13,5
false,23f3c9ad7778bd0155957c335f12c903c436d10a,319,206,true,1,1,1,30,32,62,-2,11,12,5
false,25016d10b9762682d783252b0ded2697def9e870,2686,41,true,3,3,1,14,8,22,6,5,17,2
false,255b60246d8f16d0d353482cf536adc962406496,315,215,false,1,1,1,184,180,364,4,14,11,3
false,25a34cc03c7b5e86f964a97c9d3b043b8a8ff71e,2563,79,false,2,2,1,4,12,16,-8,4,14,6
false,269f6a2a5d8ed3746e1248e61aa4ee0230983819,2825,38,false,1,3,1,136,19,155,117,17,15,2
false,26b3d2abc95780816290113ee4b8f233ca92249f,2148,325,false,2,4,1,28,0,28,28,4,23,4
false,26bd6849d5ebaebb1d5b8033ae43c0dba3266008,2933,2,false,1,1,1,1,2,3,-1,1,12,4
false,279cf5cee1d284b041f34783fd3d31649919d46d,2963,39,false,1,1,1,2,2,4,0,2,10,2
false,27ac13df10ffc225091f8c0b6c77aa65e4a61034,2111,340,false,6,15,1,31,108,139,-77,28,11,4
false,296d552d7b0be2efd3ac7a691a8fd401e51496b6,2443,146,true,2,11,1,413,0,413,413,11,13,2
false,29b26ffffdd619f4e2fe86aa2d2b02ff3e1d6017,2487,123,false,2,3,1,189,8,197,181,9,12,4
false,2a77821ae08cb5880060e885ffaf1934891d79a0,2064,354,true,1,2,1,59,59,118,0,3,11,4
false,2aa64cd5067c03723c3dcc28fb002fc322be6f69,3008,2,false,2,2,1,26,3,29,23,4,9,4
false,2ac29d3065a448c00a2ba7ac4b8cd53ae6c2b91b,2948,51,true,2,4,1,8,66,74,-58,6,16,3
false,2b1ce91d6485d62bc58390f2b4dd0fc8a397b134,2508,101,true,1,2,1,2,6,8,-4,2,11,5
false,2bd223436bfb8f5993c13f8cbe37d755fec10501,2732,24,false,19,22,1,59,59,118,0,59,14,5
false,2bd971ad723cd9ad2c10d868149d677dcb6abab3,2476,124,false,3,10,1,131,9,140,122,28,11,3
false,2c6264508805a6a41f053cdd010def32422d6f5a,2495,122,false,3,6,1,41,18,59,23,11,12,5
false,2c81b6335197ce0a1d8c2ec1f5f1dc4fe7f2f587,2362,208,false,1,1,1,5,5,10,0,3,10,3
false,2d78595d58b971fadad3afcffcf3fde4475baf53,2878,17,false,1,1,1,2,1,3,1,2,9,3
false,2e272d08da007018734c3339c0fcea6c07b2a340,2512,100,false,1,1,1,5,3,8,2,2,13,6
false,2f458d8cd8a20cba394cf5a2fae6e7fe3da04bd1,2777,10,false,1,10,1,527,65,592,462,13,20,2
false,2fc6a3957da8b59443afb6e97e849510983a411b,23,25,true,1,2,1,17,2,19,15,3,15,1
false,30323a5800834760bcc0fca25bea7f81a3fb0e6d,6,31,true,3,4,1,64,5,69,59,9,17,2
false,304e0f427e3e01f182e1f916834a209281127448,2847,25,false,1,2,1,3,79,82,-76,4,12,2
false,329b9454abeabe947c1ed4b54c496cd7a6eb714f,2722,32,true,1,1,1,2,2,4,0,1,17,4
false,347301f7eee9f977d5198184dcac028f211a62ee,2365,52,true,1,1,1,3,1,4,2,1,15,2
false,34c8dce1377631c652f8d39a4f272b865d207ede,2378,205,false,1,1,1,2,2,4,0,1,13,6
false,34eaca28eb661b51f2937c14f8a48c32b438851d,2493,122,false,3,6,1,9,11,20,-2,10,12,5
false,360e91bb9cc24913311b914a9413e6f69169e55e,2816,51,false,2,6,1,496,2,498,494,8,13,4
false,3b288e37ca3b2ebb10e6c9ba4b5e869411cc17a4,2307,262,false,2,3,1,2,2,4,0,2,11,5
false,3c6c41f19f6d4d9a236a7d902ed62816af41c00b,1,17,false,1,1,1,10,6,16,4,4,19,2
false,3cc3fe95cbb3ebd72ff37817dd1860d828181b5e,30,15,true,2,3,1,9,2,11,7,4,12,5
false,3e38950a11c5e81477771b4a4963279654958417,20,256,true,1,1,1,1,1,2,0,1,19,4
false,3eeba1d369ac534f8af4dd39fc51a3591bf4ddba,2079,353,false,1,2,1,25,28,53,-3,6,15,5
false,3fc7234ea6ee62617052ade8605c71d7818cbf9b,2348,216,true,1,2,1,15,7,22,8,2,11,2
false,40f00247875f91ba92cd01e075adb652510c3123,2433,151,false,1,1,1,19,4,23,15,3,14,4
false,41e71f9de5d84f24b80da12d2c5bd76216a5cf00,2987,28,true,1,1,1,1,1,2,0,1,15,5
false,4299d74c9c1d7fcc90485af7a8f8e4a4d5c19f5b,2533,94,true,3,3,3,23,8,31,15,5,12,5
false,446832690758d08d3039b062e50c43f2607dcdc4,2705,38,false,2,3,1,11,3,14,8,7,16,5
false,449e6d1c33744d66b20e7418a24f535da0fc3cf5,2113,339,false,1,1,1,24,34,58,-10,2,10,5
false,45024cec5a01373b759f3c3f2a59af69855f5b42,2563,79,false,1,1,1,5,4,9,1,3,14,6
false,46651a4521167e786ca2b41523588fe5a1d21075,2224,303,false,41,116,1,289,289,578,0,181,15,6
false,46684ffdf5fa925976e1c10b89b8b754af152b6f,2999,16,false,1,1,1,32,1,33,31,4,11,4
false,46b99bd34089f76bc924e877bde5f973575062b3,2540,93,false,3,3,1,54,11,65,43,6,13,6
false,46b9ed395b562a82880ffcc6e6cfc1f01e8b172d,2468,17,true,1,1,1,21,5,26,16,2,13,2
false,46d768cc2def47c358248bfc7d0afc0b54f36412,2480,124,true,3,3,1,143,2,145,141,6,12,3
false,46f1835d67fa94392007e8b07c91f218cf954433,2083,353,false,3,3,1,26,10,36,16,5,17,5
false,47e3b9870b65a86977047691264e39099ef577fa,2358,209,false,1,1,1,2,2,4,0,1,13,2
false,484415796aab76fc4f635b375cbf2b0cd604457f,2410,159,false,1,3,1,50,3,53,47,3,10,3
false,4869f24da043b00f0f7d5bd2eea5b9d85aac8d42,357,52,true,1,1,1,18,18,36,0,2,16,5
false,4a6cfb90b0671b669e631a06240e5ef4d8c995ea,2373,45,false,1,1,1,30,0,30,30,1,12,3
false,4c43ad591c86e26d7b8dd7a3e82913313e7e7fa0,2092,349,false,1,2,1,3,6,9,-3,4,14,2
false,4cfea09f089f7e1ae859e2bc0be560666409ec7d,2370,206,false,1,1,1,3,3,6,0,3,16,5
false,4db7a736e7a2550f314eb00a874def76e9f9eb37,2823,39,false,1,3,1,61,7,68,54,8,13,2
false,4ec4a07fa63ee7540af4352cb9cdb41a85ea1a2f,2829,38,false,1,4,1,234,46,280,188,13,17,2
false,4f9aa2d95ff064d81c49229b3c94d9c6a959cd36,2530,95,true,2,2,1,13,2,15,11,2,12,4
false,51864c6e2273bbec2e35988ab5bbf29c6569b77e,2977,29,false,1,1,1,1,2,3,-1,2,12,5
false,53d9fae5d9886bce65c5e6f360a4294791bd762a,129,249,true,1,1,1,45,25,70,20,4,14,4
false,544e4947636c8a584eda3654f73cccb6cead296b,2542,32,false,1,2,1,12,19,31,-7,5,10,2
false,548233d240e1d9899a856c1aa29df0118d466e66,394,34,false,1,1,1,18,2,20,16,3,15,6
false,55c1bc79901e195a20fceadb5469a0c7e2e1a275,2975,32,false,1,2,1,12,19,31,-7,5,10,2
false,56169634c82a58b2dc5c071fb8f1e80a531eaf56,2176,310,true,1,2,1,67,1,68,66,3,16,6
false,562d1ee536ebaa07206c90baebdda5280fbf68e3,2972,38,false,2,4,1,19,13,32,6,10,14,3
false,572df1583add7b8e34aa412e9e554031a74231f0,3,34,true,1,1,1,4,0,4,4,1,4,7
false,5772296f9a59fc6a52895ae2101321e35f0f6d0c,356,42,true,1,1,1,1,1,2,0,1,13,5
false,58422ac7732429d48c783cf8f5899f8764f7002b,2558,80,true,1,1,1,2,1,3,1,1,9,5
false,58fa34bc8ff9b531b61e9258ac33480296cc66f6,0,30,true,2,3,1,92,4,96,88,13,1,4
false,59b3e318762733adea00cfe3b31c5dd25e4d2147,2666,45,false,1,1,1,21,21,42,0,1,10,5
false,59ddcddde2286c5825715c04f5a803466335925b,2338,230,false,1,1,1,61,20,81,41,12,12,2
false,5a3fd0d2a3e501e3f7363293eb938ce04d7c25fc,13,17,false,2,5,1,54,48,102,6,7,17,2
false,5aba89bc8c2c8eb8ecef93ea641061e484d38a41,2224,303,false,5,8,1,27,27,54,0,21,14,6
false,5ac5a36a90710a4f9a7ed62273d55dc158d5f1ce,2260,297,false,11,15,1,144,408,552,-264,27,17,5
false,5bdc0f44bac4dcba1e9cdcf35de2ac319b342bc4,3,353,false,1,4,1,42,14,56,28,9,20,5
false,5cdc1c8d38aaf0ecd426e26bb13e1d126c935438,6,46,true,2,2,1,75,1,76,74,3,19,1
false,5cdd8624c28814dfb7920bffcadda28eeccb0006,2416,159,false,3,5,1,44,106,150,-62,13,11,3
false,5efb8091f05cc9774d340e30c912ae581bb6f5c4,2779,10,true,2,4,1,195,11,206,184,5,21,2
false,5f0e63c8a91ea74c57ed6ba65a9f8a60d30eb130,2869,18,true,29,54,1,310,231,541,79,168,11,2
false,61122bab26db4ae3ad651f8d9794f4e0e865e6e2,318,212,true,1,2,1,81,53,134,28,30,21,6
false,611dffb273f0cc4aba32af335a0dd72b9733ea7d,333,29,true,2,2,1,34,6,40,28,4,22,4
false,6154fd6aae702ec5c23d39f6ac3ae9593da4d3b9,2429,38,false,1,3,1,61,7,68,54,8,13,2
false,623da39243372d2e5a93d7e2ead8c47921929d59,21,33,false,1,3,2,264,4,268,260,9,21,7
false,629d591630a0e70e9e7d17a3ad87c223232f7762,2536,94,false,8,8,1,73,85,158,-12,21,15,5
false,62a1a94f854eb2e2ecba06092b77ee2668529ff3,2856,145,false,1,1,1,3,1,4,2,2,8,3
false,63d529ae752c0f9c1ad8006bf6740cd5c8229bfc,2664,45,false,1,1,1,1,2,3,-1,1,10,5
false,655c82685532dbc1536b478c21a5ece7d57ae9f9,2462,22,false,1,2,1,104,5,109,99,4,11,5
false,6568ce556ae73ccd739c295b113025e0a794fef9,2360,209,false,1,1,1,4,4,8,0,4,18,2
false,6731e45a32160884305164fdf33959418773b23a,2868,21,false,1,1,1,15,16,31,-1,1,13,6
false,6759a5b45a9798e7d43d6292ce9a3534f111c05b,2332,244,true,1,2,1,58,157,215,-99,15,22,2
false,686bc9a8abbdb15034cf8055ec7653e27929f4ce,2544,93,false,2,2,1,26,3,29,23,2,15,6
false,69042ca514124d60440980cf96d2d93fc6259be5,2131,328,true,2,5,1,7,9,16,-2,8,20,2
false,690cca0d50d611bbe1a08015e39fb8795cc6e7c9,282,311,false,9,42,1,265,317,582,-52,56,21,5
false,69530253d3d5170ae5adfb3b7050786ed3b3ff90,2494,122,false,2,2,1,5,4,9,1,5,12,5
false,69532d82c18ed612feba5002c55906a0ad45f373,2356,209,false,1,1,1,1,2,3,-1,1,13,2
false,697b87eb75f663fdc9ebe06a389a026254d196d0,2539,93,false,2,5,1,215,0,215,215,7,13,6
false,69eed82db533f7de8b70c4a2ed808716941c3303,2930,2,false,1,1,1,1,1,2,0,1,12,4
false,6b8439f93e1809e5fc8b5fb283a4c0ff8c0dac47,3,37,true,1,1,1,8,3,11,5,1,18,3
false,6c58037e0ca57930d9646f254b0adc3701dceea1,2425,156,true,2,8,2,270,1,271,269,8,11,6
false,6ce317cf9414c550e0e66fbae5e35936ee20763d,2473,16,false,2,5,1,82,8,90,74,10,12,3
false,6cefb9f89975ace7fc90ec663c4d92ac9af14dfd,2406,160,true,4,5,1,14,18,32,-4,8,12,2
false,6dfd3d9d2cb7e378275db0458c9d241de8e7e7d8,2,17,true,1,2,1,2,6,8,-4,3,22,2
false,6e794ad060af7512a6f0e9a0d445037047aad0e1,2106,341,true,1,2,1,168,15,183,153,7,11,3
false,6ea806a2f393b830015b09b633da28e034a4b3ad,2355,209,false,1,1,1,1,1,2,0,1,13,2
false,6f0aac5246c7ec6bf9a814e1d771d59ce5d5ddbe,298,261,true,1,1,1,11,2,13,9,3,14,6
false,6f504037f4534ac874dc8507df508ee676b20ff5,2828,38,false,1,1,1,5,4,9,1,4,17,2
false,7006771da8b535ffed35154e258fb6fe9dc20485,2651,53,false,2,2,1,21,10,31,11,3,11,4
false,702bf45a4a5c90918720a8410145a8c86f5041fe,2534,52,false,2,4,1,114,9,123,105,8,10,3
false,7054ccc08e29553da06b0d73dba5ff18e754a39b,2719,33,false,6,7,1,10,9,19,1,8,17,3
false,71674df5c8905c425152038281379027de89cf9b,10,4,true,1,2,2,50,5,55,45,4,14,1
false,7193daa06a0d9125777bb8c1eab03bc10a6fc273,2245,299,false,1,1,1,1,1,2,0,1,15,3
false,725f0471bbc322ca6703ee910867f5244226bb64,2298,263,false,1,1,1,2,2,4,0,1,9,4
false,747f2929a29e53694d6a7e57f73e586a25482a1c,0,3,false,4,12,1,177,46,223,131,40,7,3
false,755539e84f927ed37f0cab3022e8f850e74ff23e,2415,159,false,4,8,1,60,113,173,-53,18,11,3
false,75dceed9a5e7e19d1f12ab37d7c63cd88d0f4ba9,348,91,true,1,1,1,16,1,17,15,1,0,1
false,763127d5e9f6b4ddae4fd04c68e37b6222f8318d,2713,168,true,1,1,1,1,5,6,-4,1,11,6
false,76433a76288cf3ac336676c81c400a556f6dc5a3,2872,17,false,2,4,1,155,7,162,148,11,15,2
false,77cee0a07e2b30c3aaa6229c51d2214ca087e412,2604,61,false,1,1,1,3,7,10,-4,3,11,3
false,788e7ed126b391359ca416c3f04ae69ea1e8c3a6,2204,306,false,1,1,1,1,1,2,0,1,16,3
false,79ba33817899b5921a1864da9fc39e5f5a97395b,2534,94,false,13,24,1,559,87,646,472,31,12,5
false,79d9f699aeb2db05c0939a8d8088328927387e60,2458,22,false,1,1,1,2,2,4,0,2,14,4
false,7b0d8ea0c981d6cdff2a12f5b7317f7170ecec43,2465,21,false,2,3,1,8,12,20,-4,6,15,5
false,7c95d9380705b3023fdc85ca877a1b609b29d19b,2352,215,false,2,2,1,24,7,31,17,8,11,3
false,7e032d211feecf00b93f72fd0ee49c42abf08c61,2510,101,true,270,1963,1,96969,52442,149411,44527,4846,15,5
false,7e9abf192c69422ecef8f2be18ecc0db29587fa1,2376,205,false,3,3,1,3,3,6,0,3,9,6
false,7eda0dd200216bc9e595d55ea6f6eb7cbb68a30a,2112,340,true,1,1,1,1,1,2,0,1,11,4
false,7ee559486f53c62947171a150508893c9a5d16d1,2547,28,true,1,1,1,1,1,2,0,1,15,5
false,7f8c6727941d51aa8d3ff8a84d37ba5bf110df92,2603,61,false,2,2,1,2,2,4,0,2,11,3
false,80d8f91e7716d78d82effe6f751e5bc7ab15b9fa,1,327,false,3,5,1,94,152,246,-58,39,16,3
false,80e3c6a209f79de9074894325c07ecd96f6784fd,2396,9,false,1,1,1,4,9,13,-5,1,15,3
false,813c022d75df4a6f551e76fb526376fc3809bc6f,2417,159,false,7,9,1,254,363,617,-109,28,12,3
false,813c0964cf8ba27aa69970e389f07b0141e44770,2747,45,false,1,1,1,30,0,30,30,1,12,3
false,81a7b75ec8ef9dc94aa4ef644dcbe094d846f2b2,2158,314,false,1,2,1,34,6,40,28,2,16,2
false,81f5647c1d60c0f9a643c341f99359c2cfbfb4ea,2108,341,false,1,1,1,10,3,13,7,2,14,3
false,823e571d5377afc56a7d9e6b9f0a6dd35f7aa22f,2321,256,false,1,3,1,31,0,31,31,6,14,4
false,825da3055e9792ae5b4b0e86f47a6b08c9e7ce0e,2573,73,true,1,4,1,54,3,57,51,4,11,5
false,82dd6ee8f6b0b181f383eac685c080caf3479d44,2417,159,false,5,7,1,82,146,228,-64,19,17,3
false,841e9a4ba13d449b301682d80c69ddc34652ea72,2330,251,false,2,2,1,2,2,4,0,2,16,2
false,847bff720eed8a779accb2d51ac34f446d5ab7db,2757,39,true,2,3,1,25,11,36,14,5,20,1
false,8489bcbebfef5a5096b24c0543d2b767c98f325e,0,30,true,1,2,1,91,6,97,85,11,1,4
false,876064cae6c2d4ebc8a35f3f96333ee438179074,11,14,false,1,5,1,178,22,200,156,6,16,5
false,87fa630f240fb3e5234477c2fcf60831610fe7d5,2428,156,true,1,6,1,853,3,856,850,7,16,6
false,88191edb11f324ccbc44d7f18f006db423e43849,2414,159,false,2,6,1,46,107,153,-61,17,11,3
false,88b5d5cb482bc7bb22e2ceb9503e5056b0e89572,2183,307,false,17,22,1,290,149,439,141,50,11,2
false,8953bd2cb91f8b62d4f26395156986b19e161720,25,16,true,2,2,1,61,69,130,-8,8,12,4
false,8a4f6a722ad61c261f92ff2ccaae08ab10c53932,2068,354,false,4,5,1,62,6,68,56,7,13,4
false,8b4d9de39eedeef10ff1ff0a383606b6b94785bb,1666,621,true,4,10,1,351,328,679,23,53,11,3
false,8c21ccf8c292152d13d02fd8523ea152d0cdd787,2249,299,false,1,1,1,40,36,76,4,2,17,3
false,8c96c8b7d1d392a0b8b8b8e0fd1a92bebfcce6b0,2170,311,false,1,1,1,1,1,2,0,1,14,5
false,8ccb1f6de4479bef623bc97dd4ad4abeb7b802df,2475,125,true,1,4,1,94,18,112,76,11,15,2
false,8daef11930bb9fd8e5ade92752b903e7d8ec1659,2265,296,false,9,14,1,76,208,284,-132,32,12,6
false,8dd3c24365facb5b3d64e45a4d384aa0007e8524,2691,40,false,5,11,1,168,33,201,135,26,18,3
false,8f4a1398026ce8d5eda836bb5604237f9cdb294e,19,46,false,1,1,1,31,23,54,8,4,19,1
false,8f998ce6a8003b9fd29c016b1eb682c569e2dee6,2663,45,false,1,1,1,2,6,8,-4,2,10,5
false,9038c385182fa4c981ea20f916a4c3c5c30e207c,2584,67,true,3,6,1,49,11,60,38,9,15,4
false,90b7ca90d3c1afe5dfbbc1672d9410484790414a,2838,36,true,1,1,1,3,2,5,1,1,14,5
false,90c2b18127ff9f902d1ac2c4cf147c1f346d0098,2547,88,false,3,4,1,19,12,31,7,12,12,4
false,90fa7ed0f228a66d8867dd741fb56e743cd55f61,2674,45,false,1,1,1,12,11,23,1,11,10,5
false,91c5ab120aa4ab24d9756bf9b743a85ab9ece6aa,2662,45,false,1,1,1,1,1,2,0,1,10,5
false,936ad6a5c4b4a274762543901b0025f57defb7c4,2146,325,false,2,4,1,13,12,25,1,6,23,4
false,93ce371191bfabf953f9a3d4f5196ca867320cb5,2659,46,false,1,1,1,1,1,2,0,1,16,4
false,943a874c7704f82428697f2a6c2218d00b9bff09,2398,7,false,1,1,1,17,1,18,16,2,10,6
false,9589d9720704809ecb5a55a4ebe942a001d9bd14,2713,33,false,1,2,1,2,2,4,0,2,10,3
false,95c2579ace678903b2e63023ced97be4877b6889,0,3,false,4,12,1,182,40,222,142,39,7,3
false,966d4dd5e0dbdd08093eba9acd3a8019c61dcc5e,2521,11,false,1,1,1,1,1,2,0,1,8,2
false,96832b461416db3c95af8d2ae0b597b4d33e5066,1,356,true,1,2,1,101,4,105,97,4,19,2
false,96b90813bc042564a00ee12ff297f6b50b1b1bd3,2652,183,false,1,4,1,207,2,209,205,4,17,4
false,972c71522caddfa3c6836dafab6831a9643cbd08,2570,77,false,1,6,1,595,0,595,595,6,10,1
false,999182fe5cd1e116273882bfe37101493617400d,2837,36,false,2,2,1,3,3,6,0,2,11,5
false,99fcd91fe8c3568750f65e7ed830c62b5d46cdaf,2582,72,false,7,39,1,129,5806,5935,-5677,51,15,6
false,9a123fa341da10bd2af0f1eede568d968820b26d,331,43,false,1,1,1,17,0,17,17,1,21,4
false,9abb70eca7d31c65ac413d9208e8a7e24fee3f62,2429,151,false,1,2,1,32,36,68,-4,8,14,4
false,9b40509320b809321b7970252669dc7f72e04b83,2692,39,false,2,7,1,265,140,405,125,7,11,4
false,9bd9d3679d90ed0192f4127373d34f7c43faa660,15,25,true,1,2,1,17,2,19,15,3,15,1
false,9bf298b3b7da84bdc197f61ce0f2565fbdd43cea,323,29,true,1,1,1,12,2,14,10,3,21,4
false,9d495f38f15c50deb65e94d9d039e3317062cd50,7,16,false,1,3,1,117,56,173,61,14,22,3
false,9d726ae2f33d3988aa3bb26521717234e0d41deb,2538,94,false,3,3,1,40,3,43,37,3,17,5
false,9fb48d836a5ad26f991e81222fced6cc290c41e3,2447,25,false,1,1,1,1,1,2,0,1,11,2
false,9fdbd9f6a3e2843ab4839aefecdf107fd1e80dcf,266,339,true,1,1,1,7,4,11,3,2,16,5
false,a01a674b57fdc274f68fe7e9acfda1914190c878,2473,17,true,1,1,1,2,0,2,2,1,10,3
false,a05aa4cae6145a707698fce9ef73885656589318,6,30,true,2,2,1,38,12,50,26,5,18,3
false,a17d0fda292791807e0814cb9f5615e0562ef680,134,208,true,3,6,1,21,46,67,-25,8,15,3
false,a1f862629c223b675a31c4ba9fb7e07c27279090,2522,97,true,6,8,3,40,12,52,28,9,15,2
false,a2349c2c59d2d028a155530fbdc9992fa5956478,2351,215,false,1,1,1,2,5,7,-3,3,11,3
false,a289b3458940aa6d478ad0ffd862da70889c11ee,2554,80,false,1,1,1,1,1,2,0,1,9,5
false,a2f848f250401fdcb5a0687a72ff856bdd196df8,2102,342,true,1,2,1,79,10,89,69,4,17,2
false,a382917f7f5b502d72277de9a29b3fcca67209ca,337,128,true,1,3,1,15,1,16,14,3,13,6
false,a391ff3fe2cf3bbd9aa9afa7b2810df2b0b47d28,2527,95,false,2,2,1,7,4,11,3,2,10,4
false,a3a5a40fcea53384554d7a8ada08ef7bb021bf1d,343,104,true,2,4,1,136,9,145,127,4,15,2
false,a49ff764b7587662c95038fdac5b09548aefbcfa,2543,93,false,4,4,1,11,47,58,-36,7,14,6
false,a4a3a9a6517a8305d1b9c3d327a6cca349c8b338,330,164,true,2,2,1,30,5,35,25,4,13,5
false,a4ae23c635b6e8f71d9e616fbc22f60c74e176d0,10,16,true,1,1,1,2,0,2,2,1,9,4
false,a4bf277c9249a875d392ac1627ea0829d8a07972,2267,293,true,1,1,1,1,0,1,1,1,10,2
false,a53591f030b87b5d1552e567226705020dee2a62,2524,96,true,1,4,1,70,12,82,58,10,11,3
false,a5954823353f20a6157156704ae91d6067a1f5c8,2528,2,false,1,1,1,1,1,2,0,1,12,4
false,a5b34d75fa82d7d522ff8516f4cbb3082d9ed587,2417,159,false,6,7,1,68,176,244,-108,18,17,3
false,a60ef4f9e00059029a4753ea06b30b9c61c055f9,347,92,false,1,3,1,14,10,24,4,6,16,7
false,a72165363000a23ae280fc6544648670f865a4e5,2064,354,false,1,1,1,27,10,37,17,4,10,4
false,a76a478911fc213d9ec979f0e719bd80a936a420,2086,353,false,2,8,1,50,29,79,21,16,21,5
false,a93748195009a096c7b2e09292ca67b669d7e4a4,2143,326,false,2,2,1,5,12,17,-7,5,9,4
false,a9e56e1e8d75ac87a5db4a55dadb52de7d90f770,122,296,true,1,2,1,29,3,32,26,3,18,6
false,a9e82296a772d35b5d07900d5946e2cbdeb05a64,10,16,true,1,1,1,2,0,2,2,1,9,4
false,aa82ccfcff94c0a83daf86c8cfd806206e9c6a52,10,31,true,2,3,1,45,7,52,38,6,16,2
false,abdcf847326aa04a34883df2f7a1024a64378e81,2091,352,false,1,5,1,90,216,306,-126,10,10,6
false,abe3beb18c2b2c595d4e86b970c0a9a774cd1acc,2284,282,false,1,1,1,1,1,2,0,1,15,6
false,ad1b70e2fae5a8eb808dbb0fd27caf48ea0710be,2963,39,false,1,1,1,36,42,78,-6,1,10,2
false,adcb7a632af8225e86e09e398b8fb5430b143b18,393,36,false,4,9,1,60,35,95,25,26,22,4
false,ae7ce56448d69e43bc0b65a698d15ea09f308eab,271,329,false,1,13,1,64,159,223,-95,27,23,7
false,af05b3d68ca8b8021db8e205d39557782eb68a7b,2859,104,true,1,1,1,3,3,6,0,1,10,2
false,af400d80f33c3fe2d25712cc4f42681e110a6df9,2780,10,false,1,1,1,4,9,13,-5,1,15,3
false,af6e5eda6337c85d2de13e54a45ac29309b9eb07,2288,271,false,1,1,1,3,3,6,0,3,12,3
false,af899fcb44e50b6f8b8bab3391cac8c6e820a444,2092,352,false,3,9,1,40,21,61,19,16,15,6
false,b011396f6fc26805ec06d1e5f48cb46392918bcb,2723,27,false,8,21,1,163,116,279,47,75,9,2
false,b02409742d444dc27601bdd3f001b6e2ac906a1c,2289,271,false,1,1,1,3,3,6,0,3,12,3
false,b0dea0e69965dfcbc4b8a6a786c7c6bee06c36a3,2605,61,false,1,1,1,2,1,3,1,1,14,3
false,b265829c9ef1de0e1840567c95bb3fca9a962fcf,2605,61,false,1,1,1,14,10,24,4,7,15,3
false,b2d13b27676e332dede4004fdcff7df313f2e9de,2417,159,false,9,16,1,267,531,798,-264,52,18,3
false,b30b7a2e18db00752b7d043e77d1be1599fee4e9,2720,33,false,1,1,1,1,1,2,0,1,17,3
false,b3e922c76e6705c46f84dc4d8258ba3906379a4b,2866,58,false,1,1,1,4,3,7,1,2,7,6
false,b4a864b0963303d7338a716355ae4401f8f4d122,2422,158,false,4,8,1,87,205,292,-118,23,10,4
false,b4b451b8676a3e623d71567387fbfe590d1f0868,287,296,false,7,10,1,80,50,130,30,17,12,6
false,b5874d796bc42a2107edf2c79ab540409d473957,2754,42,true,1,1,1,14,10,24,4,2,12,6
false,b590d19bab446b2e8983b36d4f42c71e018d4bcd,2844,25,false,1,1,1,9,4,13,5,4,12,2
false,b5979289835a0eda988de2cb922d5ddd1914fa81,2541,37,true,1,2,1,63,2,65,61,3,13,3
false,b5b2c9d10e6ae1df0e44a5448558da285d0cea99,2536,51,true,2,3,1,16,48,64,-32,5,16,3
false,b5cb9887fecad4815849eca22441521ee35669e1,2176,310,true,2,4,1,54,12,66,42,5,16,6
false,b5e29819b1aa75ef8648c6ebaf0b5ebf72bdb2da,2431,38,false,1,3,1,137,20,157,117,17,15,2
false,b6db8d97761bcc640d2e03500ffd283c833c21db,2652,53,false,1,1,1,4,4,8,0,1,11,4
false,b793f99f6b1f5787b5be0b732ddb17baec4c711b,2843,25,false,1,1,1,2,2,4,0,1,11,2
false,b82e1cab704e5a7a32df580bae48421deea69fac,11,14,false,1,5,1,178,22,200,156,6,16,5
false,b8382271ed8bcf57157a4b10c02f6a4948e4a35a,2937,1,true,4,7,1,27,26,53,1,12,14,5
false,b83f743b9d34b06bd24d14cabf48d7fc4c246c00,2297,265,false,3,10,1,137,21,158,116,12,11,2
false,b92591f6496c15bf5615765539017ad702c67a43,25,17,true,5,10,1,155,21,176,134,15,20,2
false,b93624f490da2af2df698902a0ca4da797b15014,21,34,false,2,2,1,4,1,5,3,2,17,6
false,bb9c1044e5f1ba8902aa69073ef9fb236802d277,3,43,false,1,1,1,82,87,169,-5,1,19,4
false,bc2fa6a05f531c21c677cbf839cfbf8815e9a1b1,2090,352,false,1,2,1,27,2,29,25,3,9,6
false,bc62f8cca03573160514444291513899211dae7e,2392,10,false,1,10,1,527,65,592,462,13,20,2
false,bdbc86afd33a1ea0db5a98039067a7f6a9130f83,2705,38,false,1,1,1,46,13,59,33,5,15,5
false,bf43914fd7f0ed5ff57a56a82420cda76d3cbaee,132,244,true,2,3,1,25,24,49,1,13,11,2
false,bfcd615e89241fa6a12886d86180cb74fb15a3c9,2249,298,false,1,1,1,14,14,28,0,14,11,4
false,bfffed1260a37cd6c338c2495a03377c76fe99d8,2883,17,false,2,5,1,82,8,90,74,10,12,3
false,c092d05b53b8abc3fd9a2a59ac0462dc8ba75e98,330,43,false,1,1,1,5,1,6,4,2,20,4
false,c1c1f79408052235339c8696a8c3564caac8a111,346,96,true,1,2,1,74,48,122,26,3,16,3
false,c1c43497f5d0081b13bd744fa46e2bc0313bb493,274,317,false,1,1,1,1,1,2,0,1,11,6
false,c2b49a6cb0748664119c2279e5556d3874ced59b,2526,95,true,2,2,1,6,2,8,4,2,23,3
false,c2e12216f38b4bd0517aff239f67e9925ac5a106,354,53,true,1,2,1,226,12,238,214,3,23,3
false,c38c022ce461ec37fb92e7f922fe7b47fbda6017,2513,100,false,1,1,1,1,1,2,0,1,13,6
false,c3ba7c89eadf87d6cb309a297af727c88c0e3b65,306,229,false,2,4,1,4,44,48,-40,6,10,3
false,c49d2044b48536a22bedd5568172ac54c2f0f198,2386,16,true,3,3,1,78,12,90,66,9,23,3
false,c673ebbe1bacfda8904a1c315babfe5e3050ffcf,2411,159,false,8,9,1,90,208,298,-118,30,11,3
false,c728d8953d34b7bf34d86a8625dcb6e1109602cf,2,34,true,1,1,1,4,0,4,4,1,4,7
false,c78379f4ba3fdd58c574a610db3e85e616860d10,2599,61,false,1,1,1,55,31,86,24,13,10,3
false,c7f67aa0b3097bb91cc82fd91dcc45a74b56e6e8,2292,265,false,1,4,1,102,1,103,101,8,10,2
false,c876e56f04589ce8c6e73b608a1defb0cfd04c23,132,208,true,4,13,1,93,235,328,-142,23,15,3
false,c904f73756ac956b60a087d218d4f2845725d26c,2860,22,false,1,2,1,104,3,107,101,4,11,5
false,c9ac08c8c143a0160d11c34dedf38b7b93beb417,385,96,false,15,24,1,69,65,134,4,61,23,7
false,ca4711fe6b05f0cee469fd91643ddef8de69fffe,2467,20,false,1,1,1,21,22,43,-1,1,13,6
false,cb4590a27febd29db3bd2939fc3fb6025c4c3691,2880,17,false,26,37,1,73,140,213,-67,89,10,3
false,cc5d56a504cb6603afacd7f7d37ae971d996e971,2869,55,false,3,3,1,3,3,6,0,3,11,2
false,ccff0802a729bc10d84ed876ec08d408efc377af,2768,17,false,2,6,1,216,155,371,61,8,18,2
false,cd24f18a2f2667857a5e5b86744bf1e129d7bba8,2771,16,true,3,3,1,76,11,87,65,8,23,3
false,cd414fa5b5c88b39b11938cdbf40571f4a2df153,2754,42,true,2,2,1,5,3,8,2,3,11,6
false,cdb1304189ca452eff0dc0bdc971994a55a03c72,2763,30,true,1,1,1,1,1,2,0,1,10,4
false,cdc28993dce98812d3679a7fd8ffd0c941f6a0f6,2385,17,true,1,1,1,5,0,5,5,1,18,2
false,ce842bc47159f28181a8fd8582d1e0410a6664d1,127,265,true,2,6,1,212,31,243,181,12,12,2
false,cf2c3af7348dd9e8726656d66e77cccb27a5d47c,2224,303,false,2,3,1,4,4,8,0,3,15,6
false,cfcabb579d71bf44af49b23711e6fdaebedcd698,2725,27,false,1,1,1,2,5,7,-3,1,9,2
false,d010f32f7011c4fe6f9d94d36814cc5395703826,344,103,false,1,2,1,27,3,30,24,5,19,3
false,d02b44902c94673d57f275e442c41a932e9ed9e7,281,311,false,8,50,1,214,233,447,-19,57,15,5
false,d0441059e0bba325f3f68a5db00282cc3901dc5a,2066,354,false,3,4,1,86,161,247,-75,8,12,4
false,d06f84d1b87011e5c152c5fb3f05ae50c1c58cda,5,31,true,5,10,1,419,176,595,243,21,23,2
false,d0fd2102967f34e35be1d009085c314898b8fb0a,2404,73,false,1,1,1,1,2,3,-1,2,13,2
false,d106598d4e244122eb330ae84de9cdc6f0ac1413,2979,29,false,1,1,1,1,0,1,1,1,13,5
false,d1770dc6a992103991fd8ecdc14c7919d39f9b2b,2519,97,false,2,4,1,111,16,127,95,9,12,2
false,d1caec5e942d5a4b1dd5b52c7a187eada733c8e3,3012,0,false,1,2,1,3,4,7,-1,4,9,6
false,d20e568b51f9c8e4612472d143df4d49a3bd0e63,2882,17,false,1,1,1,20,12,32,8,2,11,3
false,d2493d38869387c6156d312e1b788efc0ced5850,2582,69,false,1,2,1,12,3,15,9,2,15,2
false,d25f1ee8e0103e51467f8d81da180424f025bc21,6,16,false,1,3,1,117,56,173,61,14,22,3
false,d2695345f52a9785e7338a1f6e823eec9dcc243d,2681,45,false,1,1,1,3,3,6,0,3,16,5
false,d31415397199ecc71f8486124f02a6e983e23781,2715,33,true,2,5,1,28,2,30,26,8,14,3
false,d38050896b20f98bee1457a0359458e9618307ad,2432,38,false,1,1,1,4,2,6,2,2,11,3
false,d4a6c2e4a005a253c3f47526a76b1ce7b3a6ba4d,2661,45,false,1,1,1,1,1,2,0,1,10,5
false,d4a7ba63e45c3b06b1008c6ae849e05994cffe4e,2724,27,false,1,1,1,6,5,11,1,2,9,2
false,d4d377449490f511eecbce085288137bc90da036,2455,136,true,1,1,1,1,1,2,0,1,17,5
false,d558004bb386c1b736d9d3a8592d465893f8ed96,387,29,true,2,2,1,32,6,38,26,3,22,4
false,d5609b0ee3c0dece2439d733118ea4b2a81ed405,2918,11,false,2,3,1,3,9,12,-6,3,8,2
false,d6897c9b56a26215f9a50e5fb5779bb593a77777,2878,17,true,1,1,1,5,5,10,0,5,9,3
false,d6e7ac80e54b0eb6c3cb8df9a3e437c745de327e,2283,283,true,1,4,1,63,63,126,0,4,15,5
false,d72990d4a24fdbaae34e14f4074d6145a9099fd3,2298,265,false,2,8,1,13,13,26,0,9,11,2
false,d7a75a0462d7fccdc437ddc84cbb49faa432e3b1,2742,6,true,1,1,1,3,1,4,2,1,15,2
false,d850e208ef1e9c3c1abf97b1e37f3a005d7512c4,2727,27,false,1,1,1,2,2,4,0,2,19,2
false,d86d9afa8fc5d21d0d5a1c70e0fcd780ace6e3e6,2584,68,true,3,5,1,20,15,35,5,7,21,3
false,da155503634ffa977779c8f6d7a848f750f18d39,2655,46,true,1,1,1,2,1,3,1,1,11,4
false,da481e4da86973c729e4e12a577ff6b6eeeb0526,2413,159,false,6,9,1,128,187,315,-59,26,11,3
false,da6b0a13f4fe1b84ad78a7b0c48467763da2a435,2454,136,false,1,2,1,153,0,153,153,2,17,5
false,db59df519990ec25c07cbf8ad4d53a869d0465e7,2332,248,false,1,1,1,2,2,4,0,1,11,5
false,db5be6ab05545e1bb95f566c3aeb23e05cf93437,7,10,true,4,8,1,455,399,854,56,26,12,3
false,dc635f936ea6050d3327659a047e30fa386da853,4,42,true,2,2,1,9,8,17,1,2,20,5
false,dccf89b5c0270602a36ac7dc9169c91f50d9eeae,2705,38,false,1,1,1,17,16,33,1,9,15,5
false,dd187fce1512871b2f2b5ed55a8fa20beb7edf23,2485,123,false,1,1,1,3,5,8,-2,4,10,4
false,ddd0d1368291ef828ac22fa58dcdac6d749cef6d,2357,209,false,1,1,1,2,1,3,1,2,13,2
false,de46acabeb46048dad780b80b4632843e9f81442,2863,21,false,2,2,1,6,10,16,-4,5,15,5
false,de46d5ab95274f9d19c4d372a7f405e705e48384,2453,24,false,1,2,1,8,5,13,3,5,16,2
false,de670c54f8ac3bb979ec9dab12c26365db35a685,2217,304,false,1,1,1,1,1,2,0,1,9,5
false,df08108853b8e96c8414ff68c3d079fe78fa7169,2850,24,false,1,2,1,8,5,13,3,5,16,2
false,dfa2ed5763fc8b17ab4fb351147bebabd1ebb0de,2254,298,false,1,2,1,27,27,54,0,2,12,4
false,dfd30907f9b008b8dfc1521c4c24d4022963dd34,2497,122,false,1,4,1,19,11,30,8,12,17,5
false,e01153f618e0038dd69b001e750ce13b90b30cfe,2500,121,false,1,1,1,11,16,27,-5,4,14,6
false,e0b105e5bcee89917d04c3a2164440d0ed2fc738,383,43,false,2,13,1,164,271,435,-107,14,9,5
false,e193f4f4d5ef6ef9778a150a337236f208e2b060,2421,50,false,2,6,1,496,3,499,493,8,13,4
false,e1a481616b195a926b0cce800c3c6e29c11d1207,2551,82,false,1,3,1,150,0,150,150,4,9,3
false,e1f29e90ff3a35e117bb3ddc5ee2aefd900c13c8,322,30,true,1,2,1,118,26,144,92,6,19,3
false,e208c0b9f2d3f6023dde0e7d413eec2d9e5a2d8c,2667,45,false,1,1,1,6,6,12,0,2,10,5
false,e2376fe5e84c7e4d6ed91fe2463b08adc8bb58a3,2752,42,false,1,1,1,2,1,3,1,1,11,6
false,e278b051aed16e2056f87607f1530bca8cdaa83a,305,230,false,2,6,1,146,16,162,130,11,15,2
false,e40ae9188ca3810eab77c1ed80efa6f05203b2ca,2393,10,true,2,4,1,195,11,206,184,5,21,2
false,e4262674d6dd347fb51a1454c63e5f03ed5f135e,2978,29,false,4,12,1,109,40,149,69,11,12,5
false,e44c2850e1ae607136c13d3c78498738719390f6,2063,354,false,2,2,1,10,5,15,5,5,10,4
false,e47e61e28b704da9829edc9941c4c9fb6b2bf551,2717,33,false,1,1,1,4,4,8,0,4,17,3
false,e48853d33717aa4a0f103fec6a8946999ccb8ec9,2668,45,false,3,3,1,4,4,8,0,3,10,5
false,e613e28b860ab6d7b140c0d746ea3b7442dc1751,9,32,true,1,3,1,14,15,29,-1,4,0,2
false,e6c24a19f0ada846445cbc9a3d87a0a37617db84,2327,255,true,2,3,1,32,2,34,30,4,14,5
false,e7326555e60ec42024ed6e444bf7ea862b49376d,2789,74,false,1,1,1,1,2,3,-1,2,13,2
false,e8773fb18da2d763d62a2857335b3c73d491d064,2869,18,true,1,2,1,46,26,72,20,12,11,2
false,e87b7bcf23ff5feaaf1bd67589dc25f2e0130cd5,2552,2,false,2,2,1,26,3,29,23,4,9,4
false,e96dab0801ab21e96472206dacd8052d385a966e,2524,95,false,2,2,1,5,1,6,4,2,23,3
false,e9f116aa871cdccbc72c8329468154efef638e3c,2385,17,false,1,5,1,209,51,260,158,5,18,2
false,ea647dc9bb9be4a180d8e180f7be0448d7786afa,2141,326,true,1,1,1,6,6,12,0,1,23,3
false,ea82a6b1ca8658f44d840ce74eb72252368d25ab,383,43,false,1,1,1,17,0,17,17,1,21,4
false,eaa22123f6e169febff568d57cebf922dc08b7e4,2224,303,false,3,3,1,5,5,10,0,5,15,6
false,eabc9bd4439295bdfd4a0236fdda2dd3557d1437,355,53,true,1,1,1,8,14,22,-6,2,10,4
false,ebf7beeffa3a44c7926c731ee30c17d69a3b599f,2249,298,false,1,1,1,3,3,6,0,3,10,4
false,ec4d40539354d9332aef886458f276df790cc500,2172,311,false,8,50,1,233,214,447,19,57,15,5
false,ec94dab7def8a45865ec0b9e667ae817e603c2c6,294,282,true,1,1,1,1,1,2,0,1,12,6
false,ecdb67a5f87ad5909262a0936cb74ebc6786b8fb,2081,353,false,12,19,1,114,73,187,41,44,16,5
false,ed07f6b38ff29d3ff46357db8252656ca2cc2b97,5,31,true,5,10,1,428,126,554,302,21,23,2
false,ed64e166dcba6715eafcbb7ca460d2b87e84cffc,2606,61,false,4,36,1,1882,1741,3623,141,133,17,3
false,ed71768c0539ca005a35465b587d51f27083f47e,2224,303,false,4,10,1,34,34,68,0,21,15,6
false,f0cfce83e3b22073b1a56352f6998892c99832d9,2314,257,false,1,1,1,7,7,14,0,3,15,3
false,f11a75c7a5bd86c424ed29d66847aaf0d25553c1,2395,9,true,1,1,1,2,1,3,1,1,15,3
false,f1586b3cf5fcbdb59caa68806cd01bb51d0be6b2,388,9,false,2,7,1,129,151,280,-22,26,13,4
false,f1893e7dc451a65a7c3a15c4607b5e6ea3f016a3,354,43,true,1,1,1,1,1,2,0,1,12,5
false,f1af9e0389a89f5d37c0fb24fc525c8cc50505b8,362,17,true,2,3,1,29,2,31,27,6,15,5
false,f1e84a7999da0904aa7f2ef5cdbebe4fb05eb9d8,2605,61,true,2,4,1,126,2,128,124,7,11,3
false,f29fe6f7c4bbf7ffb2fcda8cfd8356639179f731,12,23,false,1,28,1,105,50,155,55,28,23,3
false,f31068ba72dc32e3276dedf2a9b5a467c29291cc,265,342,false,1,2,1,58,5,63,53,2,12,2
false,f3398d74ffcbe5b5f1de5b2392b26d226ae326c6,2298,263,false,1,1,1,2,3,5,-1,1,9,4
false,f3f065c267338f17b64a6b1cd0d72fb349118d68,2869,18,false,1,2,1,24,79,103,-55,14,10,2
false,f583754f9deb35d98ec1229e565ea39cee0e296b,2199,306,false,3,3,1,5,5,10,0,3,10,3
false,f6eaa937d4cdda9fd04c3c5312eaca66d5fb52a2,2471,17,true,1,1,1,5,5,10,0,5,9,3
false,f6ee84e5f855252a38aab6a84ae40f70017c257d,2980,29,false,2,6,1,147,54,201,93,15,14,5
false,f7e66e61e3097d32b7767890208436b508747ef1,2449,24,false,1,1,1,9,4,13,5,4,12,2
false,f854896f6a8230eb8181976b15fe09e87ac30a71,2762,30,false,1,1,1,4,4,8,0,2,10,4
false,f89b15618243075f8a8e90cb826550af525dabb7,20,41,false,1,1,1,1,42,43,-41,2,16,6
false,f91a4ced0de62a4fd4121ca0476407f803840400,2458,136,false,1,1,1,3,0,3,3,3,17,5
false,f95e3130b1a0b9d40e77f90f2bf869d21fd851e0,2441,32,true,1,1,1,4,3,7,1,1,12,2
false,f9668b5ea6d4dfc196409dff588a06dd5b9ea571,2431,38,false,1,4,1,234,46,280,188,13,17,2
false,fa01402233fb56abc0709bcdc6f6a6c008a1abc7,2316,257,true,3,4,1,19,17,36,2,7,16,3
false,fa10aef39e23c0258738079e1d1ff90885175dc1,2980,29,false,1,1,1,8,8,16,0,7,14,5
false,faaae8d330a8e1c386f8c87de73db9451828b64b,2180,307,true,1,3,1,65,2,67,63,3,10,2
false,fb4586f11a414cb8cab7ed3e0f5b1aff89477728,2605,61,false,1,1,1,46,31,77,15,1,14,3
false,fd2fc8b6e0ec562133200ecbc139746ba56673eb,2221,304,true,1,2,1,44,3,47,41,4,14,5
false,fe1e621081ebe22c22f6e5b5fa98d51e44d50d76,2298,263,false,1,1,1,2,2,4,0,2,9,4
false,fee33c62cbbd2a69e59a75eb3c8550f34b67450d,2993,23,false,3,6,1,10,4,14,6,7,13,4
false,feed0b7814855c9d8815826ecd4c75f96da090cf,2690,40,true,1,1,1,13,1,14,12,2,15,3
false,ff1ad079c450d024daa637faa4e3438f3b3e88c0,2546,28,false,2,6,1,161,54,215,107,15,14,5
false,ff4ebd898e1f6a88979fb5a5bb078498e391adaa,2,354,true,2,2,1,39,12,51,27,4,18,4
false,ff6a79e5183317af3acf281025b009c5145c3007,2436,150,false,7,33,1,800,245,1045,555,62,16,5
false,ffb5a972015282e7b34b3f2f52c25c24ae619e03,2971,38,false,2,4,1,185,9,194,176,7,14,3
true,0fbd643621f99f1ff03ddd834723b8d53cfd798a,2140,326,false,1,1,1,2,2,4,0,2,23,3
true,156dea5b3479805eec964b905847ce8e177cd560,2589,65,false,2,2,1,15,4,19,11,3,14,6
true,19e7c1cdc1acca652bd1b38e11db00d2f0302d61,325,173,true,1,2,1,39,10,49,29,8,10,3
true,1c8dc6f77027a3b3bcc68e24b427daa7effd2aa2,300,255,false,1,1,1,62,73,135,-11,7,11,5
true,2008dfb7044f544d7b112cf4666dfacf42406b89,2870,54,false,4,8,1,168,105,273,63,24,22,2
true,22f1e048923cf5b6e020a81b66e0a8512c24fe79,2168,311,false,151,1104,1,59880,36174,96054,23706,2679,12,5
true,28a1637874300d3d8feefecffdb9e8565e3171e9,2605,61,false,1,1,1,3,7,10,-4,3,14,3
true,2e57d8db33b88889413f1396dbd4389904cf7e7f,2860,64,false,3,6,1,128,23,151,105,14,0,7
true,3da1d656cd4c85efe0919d1a32c33b300ef35490,3,570,false,1,1,1,110,95,205,15,1,22,4
true,4950a773dc7e3d286c67cdc4611f3b9bd2b060af,10,570,false,1,5,1,222,85,307,137,11,0,5
true,4ab506431371e78ee5d1f5000200c74f89a97a94,301,255,true,1,1,1,20,5,25,15,2,12,5
true,58daafa556ccf334bd7d03c83eab9973d83fb497,11,570,false,1,1,1,27,29,56,-2,2,1,5
true,5b730c0b41d6261be5bdd7810cdc59ebebf1d1ef,2705,38,true,1,2,1,65,3,68,62,5,12,5
true,612f6fb41322fa97547d02cfb4fdd4f20ba6892c,2589,65,false,1,2,1,6,8,14,-2,5,15,6
true,61b01295d0d52929178d058d48456cae4acbc3e7,2868,55,false,3,3,1,56,11,67,45,16,11,2
true,6971b62d1a788e251e3aaabcf461fdd3e4a0eb4a,2153,314,false,2,3,1,68,12,80,56,9,14,2
true,6f9821b81e2afeedebbe66496b85009c0c62f74c,340,123,true,2,8,1,236,283,519,-47,36,13,4
true,723d7d3c9ebe8336897d75d3754685384f017b3a,2860,58,false,4,5,1,85,25,110,60,13,23,5
true,914b18d0f81e0df9d2f02fd7f2d3d71a49c2e22a,2641,58,false,1,1,1,3,3,6,0,2,15,6
true,9759e26e7558b713ed082e349cba2a6ed437725a,2069,354,true,5,9,1,16,16,32,0,11,14,4
true,abb316cea0a31edea61a25ea4c192507d5c7b390,2605,61,false,3,3,1,21,18,39,3,8,16,3
true,ac6688794a0d74a8787814370ee803c3b0efbaaf,2727,27,false,1,1,1,2,13,15,-11,1,10,2
true,acb4360abb8398d39f36f6f94b1711a98f072fbc,2605,61,false,2,4,1,28,36,64,-8,12,15,3
true,b54c663d01e37c51b6e773033705ab50d0a3fa77,2860,69,false,6,14,1,2074,27,2101,2047,33,0,2
true,b5e4574b1b135249dee7860e1f52b2a2af34b641,2412,159,false,4,8,1,80,194,274,-114,19,11,3
true,b891bb8ddff1fcd16b3deb1044f9753bd878ce36,9,570,false,1,1,1,82,39,121,43,2,0,5
true,b9ddb88862f15be28dd0a74869489a804e4cda43,2860,64,false,2,4,1,240,189,429,51,6,21,6
true,bd9bcd34d7356757fcd24a1f1a9f0520f1ea7b3f,2306,262,true,1,1,1,15,12,27,3,1,9,5
true,da98a830ce75b94bd7885a759659d1bd7abcf193,2871,53,false,1,1,1,8,1,9,7,1,14,3
true,eba961e585fd0fef9002a04588a96b68dc9035b5,2579,72,false,3,6,1,68,35,103,33,42,9,6
true,ec84bb57fbfadce914a1af79b1c47c3267de5d4b,2582,69,false,3,3,1,112,12,124,100,19,16,2
true,ecdfc124453ca614178d33d0c119d4e71872cfef,352,87,true,1,2,1,69,16,85,53,5,14,5
true,ed8d1258740c859a3f00c08d395366e09198b6fa,2733,24,false,17,20,1,30,30,60,0,30,14,5
true,f81ad2a53a7bcba321d3faa7f0b484b0bb431da9,2452,143,false,1,1,1,4,4,8,0,1,15,5
true,fb45a781c24f17d7a44658061c4f17e95c4cd1ef,341,122,true,2,3,1,4,9,13,-5,4,15,5
true,fd7ab849202144b183c3cbd69c81b7e4e433be99,2860,63,false,3,5,1,188,104,292,84,23,21,7
true,fea2b8e4e0feb6a7374bcfe6de2da5d1a2feba20,358,30,false,2,27,1,1340,1264,2604,76,30,16,6
true,ffd7e27401d851337e1c08324c94a6f9611ded59,2589,65,false,1,1,1,8,7,15,1,3,15,6
