264
Degradation,Revision,Bug Fixing,Number of Packages,Number of Files,Number of Issues,Number of Insertions,Number of Deletions,Number of Churns,Delta of Lines,Number of Hunks,Hour of Day,Day of Week
false,17727,false,4,6,1,272,7,279,265,13,22,7
false,17738,false,1,1,1,3,2,5,1,2,14,4
false,17739,false,2,5,1,105,183,288,-78,16,8,7
false,17741,false,3,10,1,127,269,396,-142,25,3,1
false,17744,false,1,1,1,5,5,10,0,3,5,1
false,17832,false,1,39,1,587,41,628,546,41,19,3
false,17857,false,1,18,1,273,21,294,252,21,19,3
false,17865,false,1,104,1,1548,106,1654,1442,106,20,3
false,17917,false,1,1,1,1,1,2,0,1,17,4
false,17921,false,1,1,1,5,3,8,2,2,5,4
false,17923,false,1,1,1,22,35,57,-13,6,5,4
false,17926,false,1,1,1,1,3,4,-2,1,10,5
false,17927,false,1,1,1,3,1,4,2,1,13,5
false,17928,false,1,1,1,57,48,105,9,2,13,5
false,17931,false,1,12,1,52,353,405,-301,28,11,7
false,17935,true,7,10,1,169,30,199,139,21,12,7
false,17939,true,1,1,1,17,2,19,15,3,15,7
false,17959,true,1,1,1,6,0,6,6,2,12,5
false,17960,true,1,1,1,13,1,14,12,2,12,5
false,17961,false,1,1,1,180,185,365,-5,29,12,5
false,17962,false,1,1,1,121,145,266,-24,30,12,5
false,17963,true,1,1,1,125,29,154,96,11,18,5
false,17965,true,1,1,1,7,3,10,4,2,23,5
false,17994,true,3,6,1,136,64,200,72,21,23,5
false,17996,false,2,3,1,18,5,23,13,6,19,7
false,18021,false,1,1,1,6,0,6,6,3,22,2
false,18022,false,4,7,1,15,17,32,-2,12,8,3
false,18026,false,1,1,1,18,10,28,8,5,11,7
false,18043,true,1,3,1,69,66,135,3,18,21,7
false,18093,false,1,1,1,6,1,7,5,1,16,1
false,18095,false,1,2,1,32,3,35,29,7,17,1
false,18099,false,1,1,1,4,2,6,2,1,10,2
false,18103,false,1,1,1,1,4,5,-3,1,20,3
false,18108,false,1,1,1,4,0,4,4,1,8,4
false,18112,false,1,1,1,9,13,22,-4,2,12,4
false,18113,false,1,1,1,2,1,3,1,1,12,7
false,18116,false,1,2,1,7,3,10,4,4,16,1
false,18120,false,1,1,1,12,2,14,10,5,20,1
false,18123,false,1,1,1,4,3,7,1,2,20,1
false,18125,false,1,1,1,1,0,1,1,1,11,2
false,18129,false,1,1,1,11,0,11,11,2,12,2
false,18132,false,1,2,1,48,0,48,48,4,14,2
false,18135,false,1,2,1,17,6,23,11,2,18,2
false,18146,false,1,1,1,52,1,53,51,4,14,4
false,18151,false,1,1,1,17,4,21,13,2,17,4
false,18174,false,1,1,1,1,1,2,0,1,11,7
false,18177,false,1,1,1,9,9,18,0,1,16,7
false,18199,false,4,7,1,117,150,267,-33,100,21,2
false,18200,false,1,1,1,1,1,2,0,1,2,3
false,18205,false,3,7,1,201,80,281,121,16,21,4
false,18206,false,3,6,1,59,159,218,-100,14,0,5
false,18210,false,1,1,1,7,2,9,5,2,8,3
false,18212,false,1,1,1,16,9,25,7,1,14,3
false,18213,false,2,6,1,32,293,325,-261,14,14,3
false,18216,true,4,13,2,296,254,550,42,30,17,4
false,18218,false,3,5,1,42,82,124,-40,13,17,5
false,18242,false,1,1,1,4,0,4,4,1,16,2
false,18252,false,1,1,1,9,1,10,8,3,17,3
false,18253,false,2,2,1,22,4,26,18,3,17,3
false,18258,false,1,2,1,32,10,42,22,5,17,3
false,18265,false,1,1,1,1,0,1,1,1,5,5
false,18280,true,2,3,1,67,65,132,2,11,20,7
false,18283,true,2,2,1,6,5,11,1,3,14,1
false,18316,true,1,1,1,11,2,13,9,3,21,3
false,18319,true,1,1,1,2,5,7,-3,4,23,3
false,18326,false,1,1,1,21,9,30,12,1,20,5
false,18335,false,1,1,1,1,1,2,0,1,11,3
false,18336,true,1,2,1,20,21,41,-1,2,12,3
false,18337,false,1,1,1,4,3,7,1,1,12,3
false,18360,false,1,1,1,1,38,39,-37,4,21,2
false,18382,false,1,2,1,10,9,19,1,2,8,6
false,18389,true,1,1,1,3,2,5,1,1,17,4
false,18404,true,1,1,1,1,1,2,0,1,7,4
false,18436,false,1,3,1,18,2,20,16,8,7,2
false,18437,false,1,3,1,37,1,38,36,8,7,2
false,18442,false,1,1,1,24,16,40,8,2,20,5
false,18443,true,1,1,1,23,39,62,-16,5,19,6
false,18444,true,1,2,1,14,7,21,7,2,21,6
false,18445,true,1,3,1,11,8,19,3,6,6,7
false,18449,true,1,2,1,173,16,189,157,10,7,4
false,18451,true,5,9,1,278,54,332,224,35,11,2
false,18455,false,1,1,1,3,2,5,1,1,16,4
false,18505,false,3,3,1,26,0,26,26,5,17,1
false,18509,false,1,1,1,1,1,2,0,1,8,2
false,18515,false,4,7,1,24,15,39,9,10,16,4
false,18524,false,4,6,1,153,13,166,140,19,11,7
false,18525,false,3,4,1,97,8,105,89,24,12,7
false,18526,false,3,3,1,36,6,42,30,5,16,7
false,18531,false,1,1,1,2,1,3,1,1,21,1
false,18534,false,1,1,1,1,0,1,1,1,14,2
false,18535,false,3,6,1,73,9,82,64,16,20,2
false,18543,false,3,3,1,44,12,56,32,5,14,4
false,18552,false,1,1,1,3,2,5,1,3,5,7
false,18555,true,1,4,1,31,0,31,31,7,10,7
false,18557,false,1,1,1,2,2,4,0,1,15,7
false,18567,false,1,1,1,5,0,5,5,1,22,7
false,18583,false,1,1,1,8,0,8,8,2,22,2
false,18611,false,5,14,2,1411,18,1429,1393,35,13,6
false,18612,false,2,6,1,128,93,221,35,8,11,7
false,18613,false,1,1,1,5,2,7,3,1,11,7
false,18615,false,3,9,1,54,74,128,-20,28,8,3
false,18626,false,1,1,1,6,13,19,-7,2,20,4
false,18628,false,5,6,1,152,16,168,136,11,11,5
false,18631,false,1,1,1,1,1,2,0,1,6,1
false,18632,false,1,1,1,14,12,26,2,5,8,1
false,18635,false,1,1,1,7,7,14,0,2,7,5
false,18641,false,4,7,1,72,97,169,-25,10,16,7
false,18655,false,5,6,1,79,81,160,-2,7,12,3
false,18677,false,1,1,1,5,3,8,2,1,15,6
false,18682,false,2,2,1,60,28,88,32,3,23,3
false,18683,true,4,5,1,25,17,42,8,13,20,4
false,18698,false,3,7,1,73,26,99,47,8,10,7
false,18705,true,1,1,1,19,0,19,19,1,12,2
false,18723,false,1,1,1,29,1,30,28,3,18,2
false,18724,false,1,1,1,1,1,2,0,1,18,2
false,18725,false,1,1,1,11,84,95,-73,7,7,6
false,18726,false,4,5,1,52,33,85,19,18,8,6
false,18727,true,3,3,1,46,6,52,40,9,8,6
false,18728,false,5,14,1,130,65,195,65,39,9,6
false,18729,false,11,18,1,301,183,484,118,46,16,6
false,18730,false,1,1,1,6,3,9,3,1,3,7
false,18736,true,1,1,1,31,26,57,5,2,16,2
false,18758,true,2,2,1,13,4,17,9,2,12,6
false,18759,true,1,1,1,44,15,59,29,4,17,6
false,18760,false,10,27,1,399,319,718,80,72,5,7
false,18766,false,1,3,1,52,11,63,41,9,23,7
false,18767,true,1,5,1,116,15,131,101,15,23,7
false,18770,true,1,1,1,4,9,13,-5,2,8,2
false,18786,false,1,1,1,23,23,46,0,2,20,1
false,18816,false,1,1,1,25,3,28,22,3,15,4
false,18846,false,1,1,1,6,4,10,2,3,7,3
false,18852,false,9,39,1,660,454,1114,206,158,19,7
false,18859,false,2,4,1,1,18,19,-17,5,21,2
false,18863,false,3,3,1,36,1,37,35,3,9,6
false,18864,false,1,2,1,22,0,22,22,2,9,6
false,18875,false,1,2,1,22,8,30,14,3,17,7
false,18876,false,1,1,1,15,1,16,14,2,17,7
false,18877,false,1,1,1,1,1,2,0,1,10,1
false,18879,false,1,1,1,18,0,18,18,2,12,1
false,18880,false,1,2,1,2,6,8,-4,2,12,1
false,18883,false,1,1,1,2,7,9,-5,3,12,1
false,18885,false,3,3,1,36,0,36,36,4,12,1
false,18900,false,1,1,1,6,1,7,5,1,22,3
false,18917,false,1,1,1,1,0,1,1,1,9,1
false,18919,false,1,1,1,16,0,16,16,2,15,1
false,18921,false,1,1,1,3,3,6,0,3,18,4
false,18923,true,1,1,1,2,1,3,1,1,12,7
false,18967,true,1,1,1,21,18,39,3,6,23,3
false,18968,true,5,8,1,29,22,51,7,14,14,5
false,19034,false,1,4,1,47,289,336,-242,5,18,1
false,19036,false,1,4,1,11,11,22,0,8,18,1
false,19037,true,1,1,1,110,2,112,108,4,22,4
false,19038,false,3,3,1,58,4,62,54,8,16,5
false,19043,true,1,1,1,13,1,14,12,2,14,1
false,19044,false,3,3,1,41,11,52,30,5,22,2
false,19046,false,2,3,1,22,2,24,20,6,22,2
false,19047,false,1,1,1,78,51,129,27,12,22,2
false,19069,false,1,1,1,2,1,3,1,2,9,5
false,19070,false,1,1,1,16,6,22,10,2,9,5
false,19074,false,3,3,1,15,1,16,14,3,14,5
false,19082,false,1,1,1,39,6,45,33,5,9,2
false,19104,false,1,1,1,3,1,4,2,2,21,5
false,19108,false,1,1,1,4,0,4,4,1,8,5
false,19127,false,1,1,1,20,27,47,-7,7,14,5
false,19128,false,1,1,1,2,3,5,-1,1,18,5
false,19129,false,1,1,1,1,1,2,0,1,18,5
false,19135,false,8,15,1,431,147,578,284,26,15,6
false,19136,false,1,1,1,42,38,80,4,1,15,6
false,19137,false,4,10,1,215,24,239,191,19,17,6
false,19138,false,4,13,1,118,134,252,-16,24,19,6
false,19139,false,1,1,1,26,25,51,1,1,11,7
false,19140,false,5,16,1,191,65,256,126,30,11,7
false,19142,false,4,8,1,164,32,196,132,23,14,7
false,19145,false,3,6,1,90,14,104,76,16,16,4
false,19146,false,2,3,1,48,10,58,38,8,16,4
false,19148,false,1,1,1,11,2,13,9,3,17,4
false,19150,false,5,7,1,44,20,64,24,11,17,4
false,19151,false,6,10,1,20,21,41,-1,18,17,4
false,19152,false,4,6,1,6,6,12,0,6,17,4
false,19194,false,1,1,1,1,1,2,0,1,18,2
false,19197,true,1,1,1,6,2,8,4,1,21,4
false,19198,false,1,1,1,8,1,9,7,1,10,5
false,19203,false,2,5,1,186,5,191,181,7,21,1
false,19206,false,3,14,1,87,536,623,-449,38,8,2
false,19211,false,2,3,1,19,20,39,-1,8,11,2
false,19215,false,1,1,1,2,1,3,1,1,14,2
false,19216,false,1,1,1,1,8,9,-7,2,14,2
false,19224,true,1,1,1,9,1,10,8,1,21,3
false,19234,false,1,1,1,25,18,43,7,2,14,4
false,19236,false,1,1,1,18,7,25,11,4,18,4
false,19238,true,1,1,1,17,3,20,14,5,17,5
false,19260,false,3,4,1,262,4,266,258,11,7,3
false,19263,false,1,1,1,5,3,8,2,4,7,4
false,19264,false,2,6,1,347,18,365,329,41,13,4
false,19288,false,3,6,1,209,18,227,191,21,10,4
false,19320,false,2,5,1,94,14,108,80,22,6,3
false,19351,false,1,1,1,1,0,1,1,1,5,5
false,19355,true,2,2,1,23,14,37,9,6,6,6
false,19358,false,3,3,1,76,6,82,70,6,11,7
false,19370,false,2,4,1,17,10,27,7,5,13,7
false,19372,false,1,2,1,5,4,9,1,2,14,7
false,19378,false,1,1,1,40,47,87,-7,3,9,1
false,19381,false,1,1,1,3,3,6,0,2,18,1
false,19382,false,3,7,1,56,9,65,47,16,12,2
false,19384,false,3,6,1,115,17,132,98,12,19,2
false,19385,false,3,4,1,338,17,355,321,8,19,2
false,19391,false,1,1,1,74,79,153,-5,17,17,3
false,19392,false,1,1,1,34,31,65,3,1,17,3
false,19409,false,3,8,1,85,16,101,69,18,18,4
false,19410,false,2,2,1,52,26,78,26,3,18,4
false,19411,false,1,2,1,8,2,10,6,4,18,4
false,19412,false,1,1,1,3,3,6,0,2,6,6
false,19413,false,4,6,1,137,22,159,115,23,6,6
false,19416,false,3,3,1,15,19,34,-4,4,8,6
false,19418,false,2,2,1,53,5,58,48,6,11,6
false,19420,false,3,8,1,130,21,151,109,20,17,6
false,19421,false,5,8,1,86,22,108,64,13,17,6
false,19422,true,1,1,1,5,0,5,5,1,18,6
false,19425,false,2,2,1,49,1,50,48,9,7,7
false,19428,false,1,1,1,3,0,3,3,1,17,1
false,19435,false,3,6,1,126,15,141,111,16,18,1
false,19440,false,3,6,1,31,0,31,31,6,11,2
false,19445,false,1,1,1,3,0,3,3,1,8,3
false,19449,false,3,3,1,26,4,30,22,11,9,3
false,19454,false,1,1,1,49,23,72,26,1,10,3
false,19459,false,1,1,1,9,7,16,2,2,22,4
false,19463,false,1,1,1,11,3,14,8,2,7,5
false,19466,false,3,3,1,233,1,234,232,13,10,5
false,19473,false,1,1,1,14,44,58,-30,4,10,6
false,19479,false,1,14,1,15,15,30,0,14,16,7
false,19501,false,4,5,1,46,40,86,6,9,10,3
false,19502,false,3,4,1,16,1,17,15,6,11,3
false,19503,false,3,4,1,24,6,30,18,5,11,3
false,19507,true,1,1,1,8,1,9,7,3,12,4
false,19510,false,1,1,1,1,5,6,-4,1,13,4
false,19511,false,3,3,1,26,59,85,-33,5,17,4
false,19512,false,2,2,1,75,65,140,10,15,18,4
false,19544,false,1,1,1,4,2,6,2,1,12,2
false,19577,false,2,87,1,287,46,333,241,171,20,4
false,19579,true,1,2,1,5,7,12,-2,3,19,3
false,19583,false,1,2,1,12,16,28,-4,2,19,3
false,19590,true,1,1,1,7,5,12,2,3,6,3
false,19615,true,1,1,1,15,14,29,1,1,23,4
false,19623,false,1,1,1,1,1,2,0,1,15,7
false,19630,false,1,3,1,1,29,30,-28,4,7,6
false,19659,false,3,3,1,63,53,116,10,12,10,2
false,19689,true,1,1,1,5,3,8,2,3,6,4
false,19716,true,1,3,1,96,4,100,92,9,11,6
false,19741,true,1,1,1,1,0,1,1,1,14,7
false,19771,false,1,1,1,9,45,54,-36,3,16,1
false,19797,true,1,1,1,14,5,19,9,2,21,5
true,17979,true,4,12,1,986,117,1103,869,50,1,5
true,18232,false,1,1,1,11,18,29,-7,4,16,6
true,18234,true,4,8,2,723,52,775,671,25,22,6
true,18257,false,2,4,1,251,106,357,145,28,17,3
true,18269,true,2,7,1,330,89,419,241,34,17,5
true,18282,true,4,6,1,60,22,82,38,10,8,1
true,18321,false,1,1,1,18,11,29,7,1,19,4
true,18327,false,1,1,1,16,10,26,6,2,20,5
true,19107,false,1,1,1,34,10,44,24,3,18,4
true,19111,false,1,1,1,8,10,18,-2,3,16,5
true,19494,true,4,4,1,35,5,40,30,10,16,2
true,19496,false,3,5,1,20,11,31,9,10,20,2
true,19614,false,39,153,1,910,553,1463,357,284,12,4
