false,0adb864ff18951a9630bd2339fb9e92963867d4a,false,1,3,2,264,5,269,259,10,20,7
false,544e4947636c8a584eda3654f73cccb6cead296b,false,1,2,1,12,19,31,-7,5,10,2
false,58fa34bc8ff9b531b61e9258ac33480296cc66f6,true,2,3,1,92,4,96,88,13,1,4
false,702bf45a4a5c90918720a8410145a8c86f5041fe,false,2,4,1,114,9,123,105,8,10,3
false,747f2929a29e53694d6a7e57f73e586a25482a1c,false,4,12,1,177,46,223,131,40,7,3
false,7ee559486f53c62947171a150508893c9a5d16d1,true,1,1,1,1,1,2,0,1,15,5
false,9bd9d3679d90ed0192f4127373d34f7c43faa660,true,1,2,1,17,2,19,15,3,15,1
false,a05aa4cae6145a707698fce9ef73885656589318,true,2,2,1,38,12,50,26,5,18,3
false,a4ae23c635b6e8f71d9e616fbc22f60c74e176d0,true,1,1,1,2,0,2,2,1,9,4
false,b5979289835a0eda988de2cb922d5ddd1914fa81,true,1,2,1,63,2,65,61,3,13,3
false,b5b2c9d10e6ae1df0e44a5448558da285d0cea99,true,2,3,1,16,48,64,-32,5,16,3
false,b82e1cab704e5a7a32df580bae48421deea69fac,false,1,5,1,178,22,200,156,6,16,5
false,c728d8953d34b7bf34d86a8625dcb6e1109602cf,true,1,1,1,4,0,4,4,1,4,7
false,d25f1ee8e0103e51467f8d81da180424f025bc21,false,1,3,1,117,56,173,61,14,22,3
false,e87b7bcf23ff5feaaf1bd67589dc25f2e0130cd5,false,2,2,1,26,3,29,23,4,9,4
false,ed07f6b38ff29d3ff46357db8252656ca2cc2b97,true,5,10,1,429,179,608,250,21,23,2
false,ff1ad079c450d024daa637faa4e3438f3b3e88c0,false,2,6,1,161,54,215,107,15,14,5
