# Degradated methods (TTest P-Value)
11
Name;P-Value (TTest);P-Value (UTest);Mean R1;Mean R2;N1;N2
org.eclipse.jetty.servlet.AsyncContextTest.testStartThrow();0.020781120876204307;0.021089946407876425;8.766666666666667;13.033333333333333;30;30
org.eclipse.jetty.server.handler.ContextHandler$Context.getAttributeNames();0.04530567539233497;0.7153784533788454;0.0;0.34444444444444444;180;180
org.eclipse.jetty.io.AbstractEndPoint.close();0.0473897969880914;0.764717206418097;0.08474178403755868;0.1415492957746479;4260;4260
org.eclipse.jetty.util.component.ContainerLifeCycle.setStopTimeout(long);0.04257817479542772;0.8630923601968661;0.0196078431372549;0.05367647058823529;4080;4080
org.eclipse.jetty.servlet.ErrorPageTest.testGlobalErrorException();0.019181035497772204;0.04358354777581819;6.3;11.033333333333333;30;30
org.eclipse.jetty.servlet.AsyncIOServletTest.testAsyncWriteClosed();0.03501579541087681;0.16914646155849122;125.83333333333333;129.5;30;30
org.eclipse.jetty.server.handler.ContextHandler.startContext();0.027700108771759043;0.05433460438745075;4.101960784313725;4.845098039215686;1020;1020
org.eclipse.jetty.http.HttpGenerator.setJettyVersion(java.lang.String);0.023083110482461776;0.6615106003766222;0.278125;0.665625;960;960
org.eclipse.jetty.server.handler.ScopedHandler.doStart();0.02316271237455433;0.06091782498058196;2.75;3.2157407407407406;2160;2160
org.eclipse.jetty.io.ByteArrayEndPoint.close();0.03211122367024485;0.7362399186973819;0.09201877934272301;0.1563380281690141;4260;4260
org.eclipse.jetty.servlet.ServletHandler.doStart();0.032212389862831016;0.13814446549783232;2.861764705882353;3.4568627450980394;1020;1020
0.0
0.05
